0 Car -1 -1 -4.7902 476.7419 163.7899 512.8588 193.1539 1.5176 1.6534 3.9047 -6.0793 0.6541 38.6319 -4.9431 4.0302
0 Car -1 -1 -6.8924 1032.5446 166.3052 1180.4723 208.4468 1.5332 1.6900 4.3571 18.7275 1.0170 26.5704 -6.2825 3.8731
0 Car -1 -1 -7.7639 496.1829 167.0728 527.3316 191.1627 1.4589 1.6197 3.6789 -5.8587 0.6458 44.6873 -7.8915 1.1440
0 Car -1 -1 -6.6703 504.2240 167.4025 550.3823 184.2866 1.5601 1.6603 4.0201 -7.3346 0.3498 67.0152 -6.7770 -0.4022
0 Car -1 -1 -4.6854 0.0000 167.4720 25.7086 199.3705 1.5730 1.5717 3.7437 -31.2361 0.9307 36.8205 -5.3828 -1.9344
1 Car -1 -1 -4.7959 475.7462 163.3840 513.1019 193.4435 1.5506 1.6920 3.9613 -6.0963 0.6678 38.5964 -4.9494 4.0110
1 Car -1 -1 -6.8505 1038.1345 167.1873 1183.2686 208.8562 1.5053 1.6838 4.1742 18.8125 1.0246 26.4798 -6.2369 3.3634
1 Car -1 -1 -7.9053 496.1902 166.3965 525.0430 191.0054 1.4835 1.6161 3.7744 -5.9987 0.6334 44.6258 -8.0361 1.3366
1 Car -1 -1 -7.8859 208.2199 163.2033 242.2605 194.5431 1.7805 1.6810 4.0987 -22.7967 0.7979 42.3646 -8.3745 -0.5786
1 Car -1 -1 -3.5515 505.0244 168.1207 552.5545 184.8395 1.5440 1.6732 4.1594 -7.1944 0.4006 67.0468 -3.6561 -1.1643
1 Car -1 -1 -7.9974 1176.4668 128.6454 1223.0000 162.3423 1.6867 1.6359 3.9256 33.4792 -1.0747 39.7535 -7.2996 -1.2195
2 Car -1 -1 -4.7923 475.9441 163.8457 513.2896 194.0094 1.5576 1.7001 4.0906 -6.1031 0.6977 38.6970 -4.9456 2.8636
2 Car -1 -1 -6.9046 1037.6113 169.1562 1168.3002 208.4015 1.4256 1.6014 3.7864 18.5699 1.0138 26.5120 -6.2976 2.3858
2 Car -1 -1 -4.6028 494.8472 163.9992 528.0433 190.7661 1.6207 1.6482 4.0208 -5.8913 0.6217 44.8349 -4.7307 1.8550
2 Car -1 -1 -1.8018 195.4499 168.5741 242.1726 195.9195 1.5548 1.6479 3.7204 -23.0536 0.8768 42.1382 -2.2974 -1.2636
3 Car -1 -1 -4.7691 477.1681 163.8163 512.7448 193.9539 1.5544 1.6896 4.2204 -6.0863 0.6941 38.7078 -4.9219 3.2926
3 Car -1 -1 -6.8250 1039.2987 168.7284 1182.9747 208.7065 1.4364 1.6378 4.1032 18.7468 1.0137 26.3679 -6.2111 2.7635
3 Car -1 -1 -4.6141 495.2405 164.0694 527.8630 190.6229 1.6041 1.6368 4.2067 -5.8836 0.6116 44.8386 -4.7418 2.4226
3 Car -1 -1 -7.8917 207.5139 167.6495 240.6822 195.4967 1.5850 1.6183 3.7612 -22.8129 0.8537 42.2752 -8.3816 -1.5432
3 Car -1 -1 -4.9651 580.6260 165.5592 617.1556 188.3346 1.5985 1.6744 4.2337 -0.4929 0.5499 51.8862 -4.9727 -2.1772
4 Car -1 -1 -4.7916 475.3469 163.0570 513.4766 194.0968 1.5983 1.7323 4.2329 -6.1123 0.7003 38.6663 -4.9452 3.4303
4 Car -1 -1 -6.8460 1039.3215 166.6963 1182.1724 208.6392 1.5080 1.6653 4.0746 18.7274 1.0120 26.3561 -6.2323 3.2578
4 Car -1 -1 -4.8048 493.2266 165.0864 525.0960 190.8212 1.5439 1.6191 4.1537 -6.0967 0.6193 44.6220 -4.9377 1.6217
4 Car -1 -1 -8.0159 203.3080 172.0439 245.0102 199.4852 1.5635 1.6314 3.6967 -22.7952 1.0818 42.2487 -8.5057 -0.3010
4 Car -1 -1 -7.9909 402.3663 168.2782 434.6148 192.4555 1.6096 1.6427 4.0364 -13.0278 0.7960 49.2508 -8.2461 -1.5318
4 Car -1 -1 -6.9031 515.5088 169.2569 558.0367 185.4686 1.5075 1.6040 3.8269 -6.4812 0.4619 67.6066 -6.9965 -2.0849
5 Car -1 -1 -6.8366 1041.9025 163.8917 1188.4264 208.3782 1.5949 1.6933 4.1586 18.8638 0.9997 26.3266 -6.2190 2.1943
5 Car -1 -1 -4.7793 477.3320 164.9733 513.5369 194.5758 1.5223 1.6865 3.9895 -6.0243 0.7240 38.4898 -4.9314 2.1416
5 Car -1 -1 -4.7670 494.6777 165.0571 524.1414 191.5754 1.5935 1.6272 4.0333 -6.0773 0.6656 44.6197 -4.8996 1.8672
5 Car -1 -1 -7.2725 228.2265 160.4777 289.0222 185.8264 1.6571 1.6961 4.2070 -23.6366 0.3483 48.4183 -7.7221 -2.1616
6 Car -1 -1 -4.7701 478.0969 166.3345 512.7996 195.1833 1.4830 1.6486 3.7499 -5.9981 0.7550 38.3524 -4.9221 4.1517
6 Car -1 -1 -3.7240 1038.8860 158.0867 1193.7762 209.0203 1.8240 1.7485 4.4397 18.8665 1.0216 26.2747 -3.1054 2.8050
6 Car -1 -1 -4.6062 496.2261 167.0608 529.6374 191.6551 1.4816 1.6527 4.1670 -5.7766 0.6721 44.6918 -4.7320 1.8081
6 Car -1 -1 -7.8549 140.0201 163.8334 167.5873 188.9048 1.7640 1.6505 3.9062 -33.0621 0.5914 51.8389 -8.4180 -1.5701
6 Car -1 -1 -5.3204 402.0549 174.1649 449.6172 194.0817 1.5761 1.6801 4.2118 -14.7035 1.0747 57.9678 -5.5658 -1.6365
7 Car -1 -1 -4.7851 478.8061 166.8612 513.1251 195.3720 1.4595 1.5687 3.6963 -5.9411 0.7615 38.1719 -4.9364 4.3645
7 Car -1 -1 -3.7795 1037.1455 156.5354 1191.4968 210.7768 1.9516 1.7793 4.5058 18.8773 1.0896 26.3758 -3.1624 3.4274
7 Car -1 -1 -6.9390 516.2794 167.6140 561.0494 184.1477 1.5384 1.6792 4.0990 -6.3127 0.3393 67.7959 -7.0296 -0.1289
7 Car -1 -1 -7.6875 497.5180 169.2432 531.9091 193.7195 1.4769 1.5551 3.6679 -5.6493 0.7978 44.5298 -7.8110 -0.8507
8 Car -1 -1 -4.8041 477.9246 167.5867 512.9389 196.7432 1.4825 1.5308 3.6236 -5.9266 0.8260 37.8932 -4.9562 4.0131
8 Car -1 -1 -3.7544 1040.0140 162.4834 1195.9459 212.1908 1.7819 1.7711 4.4907 18.9142 1.1363 26.2492 -3.1341 3.2052
8 Car -1 -1 -4.7788 496.1434 168.1646 525.5894 193.4311 1.5142 1.5860 3.8015 -5.9527 0.7750 44.3910 -4.9093 0.7723
8 Car -1 -1 -4.3170 0.0000 168.0971 64.0957 196.5612 1.5777 1.7128 4.0617 -33.5975 0.8904 41.3789 -4.9934 -1.8406
8 Car -1 -1 -7.5301 140.2800 163.9651 184.9961 187.0269 1.6627 1.6504 3.9885 -33.1546 0.4706 53.1071 -8.0836 -2.0798
9 Car -1 -1 -3.7433 1041.8948 162.4237 1202.8384 211.6140 1.7523 1.7687 4.6151 18.9774 1.1086 26.1227 -3.1192 3.6323
9 Car -1 -1 -4.8211 476.9961 169.2787 513.8930 197.4153 1.4261 1.5583 3.7226 -5.9200 0.8575 37.8370 -4.9732 2.8204
9 Car -1 -1 -7.9702 492.9328 171.1774 525.2115 195.3361 1.4450 1.5570 4.0119 -6.0745 0.8875 44.4264 -8.1034 0.5619
9 Car -1 -1 -7.1173 522.5266 169.1532 561.9370 185.9012 1.5674 1.6290 3.8358 -6.0010 0.5054 68.1912 -7.2029 -0.9499
9 Car -1 -1 -7.8571 232.8859 159.9735 262.2406 190.8557 2.0987 1.7962 4.4777 -25.4957 0.7038 50.4537 -8.3206 -1.2835
9 Car -1 -1 -7.7823 438.2643 168.1692 460.5252 188.7491 1.7899 1.6609 4.0610 -13.9502 0.7174 63.6215 -7.9953 -1.5678
9 Car -1 -1 -4.0736 378.5589 171.2904 439.1478 197.1410 1.6073 1.6494 4.1655 -12.7514 1.0347 46.2013 -4.3394 -1.7691
9 Car -1 -1 -5.9601 127.0097 178.2568 238.6147 212.0874 1.4463 1.5952 3.9565 -18.6883 1.3506 31.4148 -6.4905 -1.8767
10 Car -1 -1 -3.7609 1045.1069 165.1084 1206.9111 213.1234 1.7049 1.8103 4.6077 19.0439 1.1586 26.0294 -3.1335 3.9766
10 Car -1 -1 -4.8258 477.2991 168.5342 514.8187 196.9840 1.4339 1.5683 3.6799 -5.8535 0.8310 37.6169 -4.9770 2.4767
10 Car -1 -1 -7.1406 523.2729 168.6966 561.8015 185.9150 1.6153 1.6734 3.7306 -5.9848 0.5079 68.3307 -7.2258 1.4690
10 Car -1 -1 -2.2197 476.8724 171.5665 537.6158 195.7570 1.4469 1.6287 4.0961 -6.1715 0.9126 44.3142 -2.3553 -0.5040
10 Car -1 -1 -4.8516 606.6328 166.1946 634.5220 188.3561 1.6639 1.6406 3.9580 1.1850 0.5898 55.1467 -4.8285 -1.2801
11 Car -1 -1 -4.7641 480.4688 167.5067 514.9143 196.9490 1.4701 1.6026 3.8864 -5.7299 0.8215 37.3677 -4.9131 2.3007
11 Car -1 -1 -3.7567 1045.7616 159.8424 1214.5671 213.6810 1.8994 1.8220 4.7993 19.0881 1.1709 25.8934 -3.1257 2.2962
11 Car -1 -1 -3.2202 458.8900 171.1605 528.4596 196.2192 1.4723 1.6488 4.0464 -6.7662 0.9237 42.8109 -3.3740 -0.3929
11 Car -1 -1 -7.2350 526.2082 167.2969 564.7885 184.8262 1.6406 1.6407 4.0960 -5.6917 0.4048 68.3536 -7.3159 -1.1659
11 Car -1 -1 -7.7775 437.3421 166.0558 459.6710 186.8527 1.8016 1.6557 3.8123 -13.9505 0.5502 63.2509 -7.9917 -1.6246
11 Car -1 -1 -3.6558 882.7453 168.0092 1223.0000 369.0000 1.5459 1.6200 3.6565 3.4532 1.5027 3.6371 -2.9370 -1.9363
12 Car -1 -1 -3.7755 1056.0546 166.0310 1214.9182 213.6529 1.6723 1.7511 4.4569 19.1590 1.1645 25.7093 -3.1394 2.3592
12 Car -1 -1 -4.8074 479.2943 166.7218 517.5463 196.8421 1.4935 1.6307 3.8330 -5.6562 0.8105 37.1152 -4.9555 2.2326
12 Car -1 -1 -4.3788 529.6581 167.1380 557.9700 183.5501 1.5398 1.6046 3.6782 -5.8560 0.2860 68.3146 -4.4621 0.2559
12 Car -1 -1 -7.9145 499.7734 172.2308 528.8533 196.7450 1.4519 1.5751 3.5618 -5.6551 0.9622 43.7724 -8.0403 -0.6537
13 Car -1 -1 -3.7326 1064.9752 166.9889 1223.0000 213.5548 1.6140 1.7823 4.4723 19.4141 1.1459 25.5192 -3.0866 3.2840
13 Car -1 -1 -4.8001 481.1796 168.0479 517.9295 197.0884 1.4295 1.5752 3.6869 -5.5440 0.8167 36.7801 -4.9466 1.9789
13 Car -1 -1 -4.6284 503.0938 167.3691 534.1409 193.3005 1.5390 1.5977 3.7131 -5.3231 0.7598 43.8446 -4.7465 0.4525
13 Car -1 -1 -7.4527 532.4161 167.4652 563.5099 184.1226 1.5643 1.6121 3.8750 -5.4662 0.3401 68.4929 -7.5302 -0.4176
13 Car -1 -1 -4.6011 1035.2781 168.3731 1109.4681 218.0345 1.5650 1.6831 4.4203 16.2362 1.1831 24.5197 -4.0205 -0.5340
14 Car -1 -1 -3.7247 1066.5142 165.7277 1223.0000 214.0381 1.6561 1.7690 4.5387 19.3434 1.1500 25.2694 -3.0759 3.0792
14 Car -1 -1 -4.8026 483.1035 167.1295 520.5271 196.8189 1.4509 1.5800 3.8183 -5.4017 0.7976 36.5923 -4.9461 2.3074
14 Car -1 -1 -4.8140 501.9106 167.0590 533.9264 192.7316 1.5111 1.5779 3.9009 -5.4283 0.7200 43.6926 -4.9348 1.1690
14 Car -1 -1 -7.4429 535.9728 167.5925 567.1022 183.8363 1.5271 1.6236 3.7933 -5.1240 0.3135 68.5288 -7.5154 -0.0474
14 Car -1 -1 -7.9195 442.9762 167.1223 465.5025 188.5029 1.8378 1.6999 4.1713 -13.4470 0.6878 63.0121 -8.1270 -1.5104
15 Car -1 -1 -4.7868 486.2765 166.9666 523.1559 196.9580 1.4530 1.5908 3.9123 -5.2164 0.7975 36.3343 -4.9263 2.5408
15 Car -1 -1 -3.6757 1073.7070 162.1538 1223.0000 213.1057 1.7339 1.7531 4.0969 19.3212 1.1098 25.1683 -3.0255 2.2268
15 Car -1 -1 -7.5280 537.9056 167.2841 567.3372 183.7679 1.5539 1.6813 3.9243 -5.0344 0.3079 68.7642 -7.5990 0.1771
15 Car -1 -1 -4.7913 505.8459 167.5897 536.5036 193.6537 1.5282 1.5862 3.6776 -5.1912 0.7714 43.4152 -4.9076 0.0753
15 Car -1 -1 -4.6616 1063.6622 168.4581 1129.6736 218.3463 1.5353 1.6442 4.0871 16.6252 1.1650 23.8813 -4.0581 -0.7627
15 Car -1 -1 -4.8965 410.4890 170.5411 445.5186 194.3822 1.5423 1.6148 3.9228 -12.0192 0.8981 47.8593 -5.1392 -1.5098
16 Car -1 -1 -4.7400 493.9920 166.5657 526.9390 197.0203 1.4632 1.5586 3.6992 -4.8604 0.7939 35.9203 -4.8714 2.5979
16 Car -1 -1 -3.6992 1080.4998 161.1904 1223.0000 212.0256 1.7101 1.7132 3.8883 19.2164 1.0608 24.8256 -3.0451 1.7891
16 Car -1 -1 -7.3664 543.0315 167.5196 576.7867 183.5863 1.5136 1.6175 3.9305 -4.3240 0.2906 68.7321 -7.4271 0.3915
16 Car -1 -1 -4.8631 413.9901 170.8389 447.9366 194.8979 1.5496 1.6234 4.1841 -11.8032 0.9274 47.7827 -5.1019 -0.3465
16 Car -1 -1 -5.4554 486.7144 169.7788 549.1017 194.6679 1.4527 1.6055 3.8371 -5.3487 0.8270 43.1244 -5.5761 -1.6865
17 Car -1 -1 -4.7853 491.9882 165.8108 529.2751 197.4372 1.5011 1.5941 3.6695 -4.8021 0.8041 35.5172 -4.9166 3.0620
17 Car -1 -1 -4.7140 515.2633 166.1860 542.0938 192.1762 1.5084 1.5515 3.5462 -4.6371 0.6778 42.8813 -4.8191 0.4631
17 Car -1 -1 -7.3507 547.4067 168.3284 580.7313 184.3100 1.5058 1.5897 3.8047 -3.9190 0.3589 68.6779 -7.4056 0.0967
17 Car -1 -1 -3.5860 1083.3230 166.9849 1223.0000 214.2878 1.5600 1.6785 3.9319 19.1603 1.1146 24.5546 -2.9281 -0.8826
17 Car -1 -1 -5.8941 124.7637 182.3995 232.6209 217.2915 1.4482 1.5622 3.6679 -18.3350 1.5332 30.4992 -6.4291 -2.1464
18 Car -1 -1 -4.7681 496.9380 166.4830 533.8201 198.0686 1.4826 1.6129 3.7984 -4.5259 0.8249 35.2021 -4.8929 2.5341
18 Car -1 -1 -4.7643 515.1860 165.7222 544.3814 192.1657 1.5204 1.5608 3.6935 -4.5762 0.6708 42.5983 -4.8687 0.7517
18 Car -1 -1 -7.6569 552.2625 167.8104 576.2205 184.3961 1.5673 1.6270 3.7062 -3.9103 0.3680 68.7653 -7.7116 -0.3049
18 Car -1 -1 -6.9605 1161.3647 154.7486 1223.0000 209.5466 1.7977 1.7221 3.9564 21.6596 0.9532 24.1525 -6.2344 -0.5594
18 Car -1 -1 -7.7553 1096.4160 164.9976 1163.8252 210.5617 1.5282 1.5962 4.0648 19.1460 1.0085 25.7587 -7.1204 -1.6310
18 Car -1 -1 -7.8224 455.3032 166.5462 475.5555 187.0634 1.7546 1.6289 3.7821 -12.2849 0.5612 62.4621 -8.0139 -1.8851
19 Car -1 -1 -4.7210 501.2240 165.5251 536.2698 197.3691 1.4739 1.6155 3.8256 -4.2682 0.7810 34.7258 -4.8403 3.0393
19 Car -1 -1 -6.8735 1102.0739 170.4253 1223.0000 213.7832 1.4239 1.5547 3.9101 19.4941 1.0933 24.1577 -6.1993 2.4233
19 Car -1 -1 -4.7795 518.8419 166.1217 548.5309 192.3908 1.4991 1.5327 3.5097 -4.3006 0.6787 42.2069 -4.8784 0.5988
19 Car -1 -1 -7.5838 556.1067 168.2625 582.0728 184.2093 1.5099 1.6053 3.6555 -3.4454 0.3511 68.9072 -7.6317 -0.1789
20 Car -1 -1 -4.7514 505.1142 164.6337 540.7775 196.8057 1.4649 1.5677 3.6752 -4.0239 0.7426 34.1291 -4.8658 3.0718
20 Car -1 -1 -7.0033 1113.6736 168.2953 1223.0000 214.9691 1.5129 1.6531 4.0971 19.7195 1.1176 23.8136 -6.3166 0.5545
20 Car -1 -1 -4.8694 522.4620 166.5976 558.0948 192.5657 1.4708 1.5383 3.7887 -3.9027 0.6835 42.0715 -4.9594 -0.5931
21 Car -1 -1 -4.7601 505.3876 162.1754 545.8217 196.3233 1.5308 1.7282 4.1264 -3.8782 0.7095 33.8689 -4.8711 3.7054
21 Car -1 -1 -4.7551 525.7855 165.6654 556.5270 191.6372 1.4536 1.6302 4.2178 -3.8251 0.6234 41.7688 -4.8439 1.8535
21 Car -1 -1 -6.8788 1127.2594 169.6633 1223.0000 214.0368 1.4019 1.6153 3.9776 19.8524 1.0598 23.3474 -6.1792 1.4378
22 Car -1 -1 -4.7292 511.0340 162.6684 549.1365 196.3625 1.4863 1.6773 3.8044 -3.5661 0.6999 33.1783 -4.8333 2.8124
22 Car -1 -1 -4.7161 529.5574 163.8249 560.2172 190.8651 1.4959 1.6934 4.1430 -3.5227 0.5736 41.2529 -4.7988 1.6195
22 Car -1 -1 -4.8618 1145.1807 163.0027 1223.0000 211.8056 1.4948 1.6351 3.7688 19.3803 0.9592 23.6958 -4.1813 -0.5784
22 Car -1 -1 -4.7688 559.8108 170.6587 582.7945 189.3210 1.4629 1.6361 4.2349 -2.7686 0.6914 57.6137 -4.8148 -1.9905
23 Car -1 -1 -4.7413 514.0577 163.2671 552.7053 196.6337 1.4510 1.6692 3.9382 -3.3956 0.7018 32.8064 -4.8415 3.1812
23 Car -1 -1 -4.6941 530.9578 162.2972 562.4479 190.9481 1.5667 1.7190 4.2478 -3.3342 0.5715 40.8360 -4.7731 2.0408
23 Car -1 -1 -7.0224 1151.3220 171.0315 1223.0000 217.6966 1.4446 1.6162 3.9762 20.1306 1.1518 22.7355 -6.3031 1.6806
23 Car -1 -1 -4.3637 0.0000 179.8448 56.1372 217.3711 1.4349 1.5308 3.8086 -24.2811 1.4100 29.0853 -5.0522 0.6901
23 Car -1 -1 -4.9002 558.1673 170.4593 586.6649 189.1943 1.4768 1.6017 4.0625 -2.6936 0.6853 57.8944 -4.9447 -2.1902
24 Car -1 -1 -4.7735 515.9278 161.6145 557.2341 196.6494 1.4976 1.6372 3.9626 -3.2025 0.6905 32.3075 -4.8694 3.5468
24 Car -1 -1 -7.0794 1162.7109 170.3837 1223.0000 218.2156 1.4564 1.6296 4.1686 20.3621 1.1486 22.4776 -6.3489 2.1103
24 Car -1 -1 -4.6113 536.6326 167.3653 571.9608 194.0538 1.4517 1.6138 4.0124 -2.8664 0.7374 40.4923 -4.6796 1.8920
24 Car -1 -1 -4.6188 249.1507 160.0405 282.3638 187.2110 1.6971 1.6130 3.5708 -22.0854 0.4192 46.1160 -5.0608 -1.5096
24 Car -1 -1 -4.9107 632.7753 165.9434 667.4688 189.0491 1.5043 1.6234 3.8477 3.0199 0.5567 48.0488 -4.8466 -1.5813
24 Car -1 -1 -4.3966 0.0000 175.1837 69.1469 212.2330 1.4710 1.5979 3.7661 -24.4813 1.2602 30.1170 -5.0722 -1.8152
25 Car -1 -1 -4.7477 522.1304 164.2177 561.2055 198.6900 1.4469 1.6083 3.6965 -2.9030 0.7637 31.6107 -4.8364 1.8944
25 Car -1 -1 -4.6463 539.9615 164.8399 574.6151 191.9157 1.4531 1.6730 4.2761 -2.6653 0.6128 40.0857 -4.7103 1.7803
25 Car -1 -1 -7.0701 1177.7888 170.6083 1223.0000 217.2910 1.4007 1.5915 3.9452 20.4460 1.1042 22.0999 -6.3291 1.4913
25 Car -1 -1 -5.0929 456.6958 171.7772 496.4087 192.0028 1.5416 1.6593 4.2125 -10.2241 0.8767 56.1159 -5.2704 -1.0553
25 Car -1 -1 -7.7845 174.8574 152.5547 206.4206 179.6261 1.8575 1.6769 3.8286 -29.6861 -0.0653 50.7368 -8.3092 -1.8655
26 Car -1 -1 -4.7491 524.4051 161.2693 563.7491 197.0615 1.4804 1.5913 3.7022 -2.7591 0.6852 31.1788 -4.8345 2.8002
26 Car -1 -1 -4.7512 542.8435 163.1860 576.6910 191.2903 1.4829 1.7228 4.2104 -2.5876 0.5695 39.4878 -4.8142 2.1546
26 Car -1 -1 -7.0632 1188.5521 170.9515 1223.0000 217.6465 1.3817 1.5853 3.9416 20.5325 1.0994 21.7716 -6.3128 0.6141
26 Car -1 -1 -5.2154 454.6976 172.1150 497.4540 192.0604 1.5068 1.5951 3.9514 -10.1348 0.8733 55.4505 -5.3935 -0.6381
26 Car -1 -1 -4.1503 0.0000 176.1534 88.2034 211.3593 1.4032 1.4743 3.6467 -23.9288 1.2302 30.0702 -4.8155 -1.9493
27 Car -1 -1 -4.7727 524.8042 163.1448 567.8270 198.3464 1.4269 1.6367 3.5789 -2.6108 0.7236 30.5477 -4.8551 2.7738
27 Car -1 -1 -4.7334 545.9495 162.3230 577.8515 190.9570 1.4860 1.6560 4.2649 -2.4286 0.5428 38.8847 -4.7933 1.7130
27 Car -1 -1 -7.0569 1198.6150 169.2757 1223.0000 217.4240 1.4039 1.5957 3.9691 20.6073 1.0769 21.4410 -6.2972 0.6074
27 Car -1 -1 -7.5855 227.3822 152.9111 268.8492 179.1608 1.8272 1.6964 3.9543 -25.9483 -0.1016 51.5348 -8.0474 -2.1474
28 Car -1 -1 -4.7370 526.1307 160.9866 570.3050 199.1351 1.5173 1.7577 4.1927 -2.5094 0.7414 30.2976 -4.8168 3.8996
28 Car -1 -1 -4.6330 545.1824 163.1152 583.1197 192.2893 1.4970 1.7218 4.1831 -2.1774 0.6051 38.3926 -4.6873 2.3678
28 Car -1 -1 -5.3181 454.5342 170.5754 504.6281 191.7924 1.5838 1.6843 4.3012 -9.7654 0.8430 54.9021 -5.4914 -1.5267
28 Car -1 -1 -7.6666 232.4518 153.1641 267.8295 178.6264 1.7622 1.6153 3.7093 -25.6619 -0.1411 51.2344 -8.1264 -1.7838
28 Car -1 -1 -3.7616 164.8773 169.5306 240.1310 197.3265 1.5491 1.5542 3.5884 -23.4869 0.9379 41.3602 -4.2729 -1.8817
29 Car -1 -1 -4.7177 526.4799 161.7660 568.1279 201.1743 1.5336 1.6197 3.6897 -2.4346 0.8048 29.4229 -4.7975 2.9125
29 Car -1 -1 -4.6406 544.3441 164.6667 578.9852 194.6462 1.5175 1.5741 3.6865 -2.2781 0.7162 37.6440 -4.6987 2.1418
29 Car -1 -1 -2.7094 0.0000 179.9853 118.3556 217.5057 1.4454 1.6229 4.0362 -22.2669 1.4258 28.4774 -3.3659 -0.9943
30 Car -1 -1 -4.7381 524.3272 165.2028 567.1601 203.5257 1.4616 1.6340 3.5226 -2.4858 0.8784 28.8055 -4.8213 3.6676
30 Car -1 -1 -4.7961 541.2495 166.6011 577.6983 195.6899 1.4441 1.5934 3.8162 -2.4513 0.7542 37.1047 -4.8597 2.3542
31 Car -1 -1 -4.6846 517.3694 165.8728 559.9409 205.2886 1.4683 1.5808 3.6930 -2.6200 0.9236 28.2297 -4.7742 5.9241
31 Car -1 -1 -4.6847 540.3336 167.0351 573.1774 197.6266 1.4966 1.5813 3.7598 -2.4633 0.8380 36.4972 -4.7497 4.7564
31 Car -1 -1 -2.5765 210.2668 165.9027 326.8728 206.9958 1.6001 1.6704 3.9941 -13.5959 1.0320 28.6150 -3.0139 -0.8350
31 Car -1 -1 -7.6819 681.5499 166.6407 726.5244 199.8918 1.5233 1.5705 3.5958 4.8371 0.8886 34.3432 -7.5415 -1.8167
32 Car -1 -1 -4.6802 510.4387 165.6926 554.6581 206.5573 1.4865 1.5891 3.7962 -2.8028 0.9481 27.6655 -4.7781 5.4324
32 Car -1 -1 -4.7535 533.0508 167.1590 568.2869 198.7538 1.5148 1.6237 3.9372 -2.8267 0.8753 35.9480 -4.8295 2.8194
32 Car -1 -1 -7.3817 210.6800 153.6999 258.9653 179.0647 1.7166 1.6227 3.4218 -25.9932 -0.1045 49.7595 -7.8585 -1.4299
33 Car -1 -1 -4.7588 500.3167 164.8166 548.1301 206.9536 1.4924 1.6416 3.6088 -3.1648 0.9372 26.9538 -4.8724 4.4309
33 Car -1 -1 -4.6945 524.0920 166.4296 557.9517 197.5605 1.4672 1.5925 3.7455 -3.1696 0.8043 35.2472 -4.7815 2.7246
34 Car -1 -1 -4.6809 491.1208 164.8417 539.5007 207.1331 1.4612 1.6607 3.6220 -3.3033 0.9204 26.3069 -4.8024 4.5346
34 Car -1 -1 -4.6784 513.9246 164.6844 550.5568 196.7803 1.4826 1.6430 4.1069 -3.5424 0.7522 34.7632 -4.7771 3.6024
34 Car -1 -1 -4.6522 437.0354 164.8183 464.9792 190.7261 1.7748 1.7056 3.9702 -10.9623 0.7006 50.5267 -4.8627 -1.3324
35 Car -1 -1 -4.6404 479.7565 163.7701 531.5679 207.6024 1.4663 1.5849 3.5453 -3.5436 0.9069 25.4715 -4.7749 3.6550
35 Car -1 -1 -4.6697 502.4268 164.3843 539.9922 197.4819 1.5014 1.6194 4.0929 -4.0143 0.7705 34.1733 -4.7837 3.5751
35 Car -1 -1 -7.8998 103.0828 156.1987 136.1471 184.2254 1.7641 1.6392 3.6938 -31.9306 0.2346 46.4727 -8.4967 -1.3453
35 Car -1 -1 -7.3412 1201.2369 170.6417 1223.0000 223.8411 1.4494 1.6276 4.0910 19.7118 1.1811 20.6484 -6.5852 -1.6196
35 Car -1 -1 -6.9241 1141.6421 200.0791 1223.0000 369.0000 1.4502 1.6507 3.9435 5.7345 1.6009 4.0967 -6.0084 -1.9314
36 Car -1 -1 -4.6835 465.2519 165.1890 515.7218 209.3751 1.4361 1.6277 3.6623 -4.0005 0.9388 24.8992 -4.8389 5.3423
36 Car -1 -1 -4.6892 491.0672 166.0053 528.1110 200.6785 1.5394 1.6347 3.9085 -4.4782 0.8961 33.4223 -4.8193 2.9057
36 Car -1 -1 -4.1409 1190.2228 171.6184 1223.0000 224.8717 1.4297 1.6261 3.8103 19.0250 1.1916 20.2439 -3.3929 1.0372
36 Car -1 -1 -7.5310 148.3854 160.3803 197.5408 186.0528 1.6453 1.6518 3.8770 -28.8861 0.3559 47.3862 -8.0735 -0.9400
36 Car -1 -1 -2.7367 128.2142 169.2472 261.9033 213.0690 1.5557 1.6567 3.9457 -15.0902 1.1565 26.1439 -3.2531 -1.3463
37 Car -1 -1 -4.6781 450.7937 164.6382 503.0352 211.9846 1.4886 1.6152 3.7456 -4.3439 0.9901 24.1960 -4.8515 4.7268
37 Car -1 -1 -4.6342 473.6667 165.0833 517.2574 203.2180 1.6529 1.6662 4.1206 -5.0323 0.9849 32.7603 -4.7833 3.6285
37 Car -1 -1 -6.9535 1179.4254 174.4227 1223.0000 225.2502 1.3696 1.5764 3.8761 18.8365 1.2062 19.9915 -6.2042 2.0596
37 Car -1 -1 -8.3221 505.7926 171.2486 538.6920 187.5426 1.5328 1.6727 3.7172 -8.0220 0.6624 68.5272 -8.4363 -1.9648
38 Car -1 -1 -4.6860 432.8699 165.9927 487.7372 213.3279 1.4370 1.6436 3.5966 -4.7562 0.9969 23.3765 -4.8821 5.2282
38 Car -1 -1 -4.6641 459.6458 166.1867 500.5916 202.1618 1.5229 1.6216 3.9899 -5.6165 0.9172 32.0092 -4.8342 4.1955
38 Car -1 -1 -6.9801 1171.1249 168.4967 1223.0000 222.4042 1.4421 1.6198 4.1930 18.6256 1.1213 19.8303 -6.2325 1.5895
38 Car -1 -1 -8.4510 485.1422 168.4731 521.9783 184.7010 1.5220 1.5919 3.9300 -9.7996 0.3939 68.3050 -8.5911 0.3541
39 Car -1 -1 -4.7120 415.1751 163.7774 470.8499 212.8598 1.4262 1.5907 3.6599 -5.1782 0.9406 22.5039 -4.9331 5.5400
39 Car -1 -1 -4.6858 443.6185 162.9050 483.6049 198.6578 1.4791 1.6189 4.0070 -6.2353 0.7514 31.3598 -4.8782 4.8505
39 Car -1 -1 -7.1375 1154.7606 165.4904 1223.0000 221.6611 1.5085 1.6654 4.2653 18.2303 1.1057 20.0771 -6.4066 1.8757
39 Car -1 -1 -4.8998 581.7654 164.7032 617.4293 189.7051 1.6248 1.6682 4.2398 -0.4187 0.5983 48.1901 -4.9066 -1.7855
40 Car -1 -1 -4.6598 392.5485 158.5647 453.3945 212.6601 1.5046 1.5879 3.7032 -5.5216 0.8948 21.6341 -4.9041 4.0962
40 Car -1 -1 -4.6445 421.3568 159.6205 466.6551 198.6269 1.5671 1.6225 3.9847 -6.9021 0.7285 30.4965 -4.8629 3.6481
40 Car -1 -1 -4.0074 1135.1490 161.3082 1223.0000 224.4265 1.6887 1.7084 4.3013 17.6671 1.1756 20.0842 -3.2922 2.9736
40 Car -1 -1 -8.1584 462.0105 163.1075 490.6521 180.8091 1.6445 1.6292 3.8423 -12.3357 0.0286 67.7666 -8.3357 -0.2394
41 Car -1 -1 -4.6733 369.4515 162.6578 432.2370 217.0651 1.4453 1.6036 3.6845 -5.9444 0.9717 20.7605 -4.9462 6.2129
41 Car -1 -1 -4.6086 399.4973 163.5848 450.4569 202.2181 1.5051 1.6327 4.1880 -7.5175 0.8463 29.7326 -4.8518 3.6195
41 Car -1 -1 -3.9521 1121.2537 158.4108 1223.0000 226.0093 1.8097 1.7363 4.4723 17.3575 1.2187 20.0214 -3.2441 2.6546
42 Car -1 -1 -4.7109 348.2045 164.3457 411.2438 221.5559 1.4484 1.5407 3.4075 -6.3126 1.0398 19.7566 -5.0135 6.1617
42 Car -1 -1 -4.6423 376.6770 162.3565 427.2648 204.8249 1.6068 1.6788 4.2691 -8.2767 0.9206 29.0112 -4.9154 4.9275
42 Car -1 -1 -3.9587 1099.3224 155.6944 1223.0000 229.0584 1.9657 1.7802 4.4321 16.7529 1.3013 20.1114 -3.2703 3.5225
42 Car -1 -1 -7.9549 422.8245 169.0450 444.9843 185.8224 1.5427 1.6522 4.0715 -16.2666 0.4893 67.2078 -8.1895 -0.2408
42 Car -1 -1 -7.4824 368.0636 149.8757 409.0824 178.0934 2.2052 1.7890 4.2112 -17.6225 -0.2042 57.7975 -7.7748 -2.1727
43 Car -1 -1 -4.7319 318.9069 164.2199 387.5822 226.8802 1.4996 1.5743 3.7508 -6.8074 1.1103 18.9532 -5.0694 6.7737
43 Car -1 -1 -4.6383 349.4203 166.1817 401.2216 208.3137 1.5387 1.6240 4.2324 -9.0640 1.0160 28.0691 -4.9454 4.2314
43 Car -1 -1 -7.1148 1080.0414 167.4362 1223.0000 230.1468 1.6923 1.7373 4.0349 16.0667 1.3401 20.2733 -6.4507 3.3546
43 Car -1 -1 -4.1184 394.0671 168.4291 433.9656 187.5553 1.7299 1.6391 3.9982 -17.7900 0.6380 66.1086 -4.3783 -0.4385
43 Car -1 -1 -4.9103 507.9476 168.6261 543.8250 194.9161 1.6598 1.6142 3.9522 -5.2785 0.9102 46.7673 -5.0201 -2.1103
44 Car -1 -1 -4.7489 284.5014 167.1902 360.2118 231.8539 1.4554 1.6162 3.5677 -7.2334 1.1562 17.8723 -5.1253 6.4309
44 Car -1 -1 -3.9078 1051.1083 163.8887 1223.0000 232.2810 1.8537 1.7306 4.4127 15.4326 1.4038 20.2909 -3.2635 5.2754
44 Car -1 -1 -4.6037 314.1648 167.4329 374.3337 211.2036 1.5385 1.6933 4.1806 -9.9223 1.0794 27.0825 -4.9492 4.6550
44 Car -1 -1 -2.3958 344.2575 171.7325 392.1387 189.6254 1.5974 1.7000 4.0965 -21.6671 0.8146 64.7447 -2.7155 -1.3468
45 Car -1 -1 -4.7585 248.2647 166.2346 329.4267 238.2961 1.5188 1.6014 3.8963 -7.7183 1.2185 17.0026 -5.1757 5.9050
45 Car -1 -1 -3.9354 1020.1502 162.9525 1216.2096 234.9860 1.9578 1.8297 4.7367 14.7954 1.4812 20.5305 -3.3167 5.6743
45 Car -1 -1 -4.6283 279.1069 166.8000 339.2960 211.4274 1.5045 1.6669 4.3227 -10.8715 1.0429 26.1480 -5.0161 4.6167
45 Car -1 -1 -6.9840 332.0253 171.9359 381.0589 190.2699 1.6072 1.6417 4.1043 -22.4820 0.8563 64.1639 -7.3178 -1.3287
45 Car -1 -1 -6.8939 221.6791 162.9833 299.7868 195.6954 1.8428 1.6448 3.9313 -20.3622 0.8561 41.9471 -7.3410 -2.1917
46 Car -1 -1 -4.8031 201.3568 170.0168 295.9191 245.4550 1.4753 1.5751 3.6087 -8.0705 1.2706 15.7760 -5.2659 6.7350
46 Car -1 -1 -3.9201 988.6002 164.9684 1175.1039 234.3147 1.9023 1.8000 4.6128 13.8802 1.4765 20.7227 -3.3355 6.0120
46 Car -1 -1 -4.6381 239.3331 169.4621 300.9234 216.0089 1.5067 1.6454 4.1135 -11.8239 1.1496 25.1008 -5.0716 5.5937
46 Car -1 -1 -4.5269 298.6140 173.8044 327.8424 191.2956 1.5072 1.6727 4.1020 -25.9773 0.9301 63.1015 -4.9140 -0.2550
46 Car -1 -1 -5.7238 1062.1697 153.8531 1175.9440 188.6616 1.5496 1.6184 4.1528 24.3541 0.3635 33.7048 -5.1008 -0.3701
46 Car -1 -1 -7.8371 409.8999 170.5964 431.7960 192.9948 1.7712 1.6631 3.9430 -15.0684 0.9880 58.0214 -8.0881 -2.0855
47 Car -1 -1 -4.7866 151.1329 171.1590 252.2212 253.1863 1.4797 1.5786 3.5315 -8.4832 1.3116 14.6621 -5.2998 7.0983
47 Car -1 -1 -3.9258 956.6122 169.2487 1139.7805 236.1951 1.8436 1.8314 4.6757 13.0179 1.5341 20.9008 -3.3741 5.3952
47 Car -1 -1 -4.6219 187.9342 170.9650 258.4595 220.0791 1.5019 1.6790 4.3544 -12.8522 1.2106 23.9538 -5.1070 4.6028
47 Car -1 -1 -4.7399 156.1795 171.4793 184.8400 196.0311 1.6211 1.5922 3.7941 -29.9579 1.0255 48.7102 -5.2866 -1.8196
47 Car -1 -1 -7.5562 259.7977 176.6100 294.9973 195.9222 1.6242 1.6515 4.0650 -28.4677 1.2970 61.5876 -7.9855 -2.0003
48 Car -1 -1 -4.8283 90.1153 174.5372 212.1717 262.9482 1.4578 1.5768 3.6854 -8.8494 1.3599 13.5871 -5.3930 6.2291
48 Car -1 -1 -3.9337 922.9398 166.7155 1098.4774 235.2897 1.8942 1.8164 4.6306 12.0064 1.5137 21.0404 -3.4201 4.9866
48 Car -1 -1 -4.6134 135.5055 172.7875 211.9825 225.0600 1.5164 1.6535 4.2498 -13.8104 1.2930 22.7865 -5.1503 4.0693
48 Car -1 -1 -2.3068 186.1291 176.8033 238.4072 197.1035 1.6602 1.6644 3.8780 -32.8889 1.3578 59.2434 -2.8097 -1.4335
49 Car -1 -1 -4.8537 20.2767 174.0275 162.6082 270.9588 1.4565 1.5646 3.5756 -9.1729 1.3596 12.4578 -5.4743 7.0761
49 Car -1 -1 -3.9496 885.2534 165.6477 1051.4287 233.4918 1.8800 1.7690 4.5784 10.8431 1.4687 21.1890 -3.4811 5.6801
49 Car -1 -1 -4.6166 72.1985 173.3902 156.0416 229.2492 1.5233 1.6502 4.3429 -14.8842 1.3297 21.5825 -5.2116 2.5504
49 Car -1 -1 -7.5755 149.9622 177.4941 188.4027 198.1461 1.6274 1.6359 3.9742 -35.5895 1.3905 57.8498 -8.1229 -1.8477
50 Car -1 -1 -3.9167 844.9541 161.1669 1016.7605 231.6444 1.9613 1.8205 4.8307 9.8022 1.4236 21.3569 -3.4905 6.2792
50 Car -1 -1 -4.8893 0.0000 173.8759 111.2697 281.5594 1.4611 1.4948 3.3740 -9.2960 1.3716 11.2675 -5.5634 3.0865
50 Car -1 -1 -4.5956 0.0759 172.7283 97.4026 232.3912 1.5172 1.6494 4.3357 -15.8241 1.3199 20.2647 -5.2491 2.7446
50 Car -1 -1 -4.9638 236.6992 175.1790 282.3294 201.8708 1.4422 1.5278 3.4165 -19.5844 1.1548 40.0005 -5.4142 0.9952
50 Car -1 -1 -5.2645 79.4228 176.3178 131.9674 196.3050 1.5176 1.6234 3.7716 -38.9599 1.2001 55.1795 -5.8748 -2.0126
51 Car -1 -1 -3.9765 814.0732 158.8979 970.9484 228.5934 1.9285 1.7894 4.5818 8.6751 1.3310 21.3708 -3.5944 4.7331
51 Car -1 -1 -4.5809 0.0000 171.4114 29.4432 234.0953 1.4846 1.6582 4.2875 -16.8349 1.2696 18.9909 -5.2960 1.6962
51 Car -1 -1 -4.8515 0.0000 181.5781 49.9807 298.6937 1.3970 1.5916 3.7712 -9.6127 1.4158 10.2883 -5.5857 1.0534
51 Car -1 -1 -4.6284 25.3446 185.3171 65.8599 211.1832 1.4995 1.6177 4.1017 -34.7175 1.8137 43.9496 -5.2918 -2.1563
52 Car -1 -1 -3.9575 778.2422 157.1691 933.6185 227.1653 1.9344 1.7686 4.5939 7.5813 1.2899 21.3818 -3.6198 3.1037
52 Car -1 -1 -7.8374 178.3739 163.7422 237.0451 216.8604 1.6672 1.6345 3.8564 -13.6061 1.1415 24.2788 -8.3407 0.1307
52 Car -1 -1 -7.7769 889.8962 173.4923 930.5913 205.3983 1.4871 1.5827 3.5499 15.0792 1.1606 34.8932 -7.3707 -1.9915
53 Car -1 -1 -3.9174 740.5789 159.4104 892.8485 226.5653 1.8465 1.7497 4.4340 6.3554 1.2669 21.2530 -3.6292 2.9875
53 Car -1 -1 -5.5117 1012.7363 156.3839 1081.3616 181.8400 1.7424 1.6842 4.1619 31.5595 0.0918 50.6182 -4.9553 -2.0371
54 Car -1 -1 -3.9701 704.3490 159.6559 854.5699 225.7935 1.7898 1.7474 4.5450 5.2307 1.2260 21.1210 -3.7291 4.0621
54 Car -1 -1 -4.5659 36.1122 169.6111 85.0022 201.6803 1.8101 1.6968 4.1808 -32.3882 1.1956 42.1492 -5.2157 0.4792
55 Car -1 -1 -3.9706 665.5537 158.2235 818.6381 228.6085 1.8729 1.7897 4.6263 4.0878 1.2805 20.9095 -3.7786 5.5848
55 Car -1 -1 -4.5160 1159.7178 169.9092 1206.7272 193.6651 1.5433 1.6953 4.1486 39.1981 0.8553 47.9072 -3.8319 1.2495
56 Car -1 -1 -4.0001 629.2525 158.8838 780.2380 231.2201 1.8934 1.7851 4.6257 2.9725 1.3279 20.6992 -3.8579 4.1676
56 Car -1 -1 -4.4247 1101.5962 173.3938 1152.0223 196.0309 1.5032 1.6911 4.1932 36.1028 1.0314 48.8921 -3.7902 2.2049
57 Car -1 -1 -3.9758 592.4787 158.6142 745.0597 235.1689 1.9656 1.7363 4.5872 1.8944 1.4040 20.3432 -3.8827 6.0799
57 Car -1 -1 -4.3621 1044.6713 175.9789 1093.6359 198.9850 1.5527 1.6631 3.8163 32.5294 1.2476 49.5280 -3.7823 1.4477
58 Car -1 -1 -3.9507 548.9888 163.0924 705.6315 238.8393 1.8938 1.7606 4.5253 0.6939 1.4589 19.8877 -3.9147 5.4128
58 Car -1 -1 -4.4549 994.5633 179.0392 1035.6045 200.7923 1.4820 1.5980 3.8269 29.0759 1.3825 50.0911 -3.9302 1.0858
58 Car -1 -1 -7.1952 672.8780 169.3201 738.9471 200.4330 1.5790 1.6049 3.6271 5.3999 1.0118 37.7208 -7.0525 -1.3055
59 Car -1 -1 -3.9802 503.5312 165.2956 662.5615 241.3296 1.8390 1.7599 4.5492 -0.5119 1.4716 19.4017 -4.0045 4.9827
59 Car -1 -1 -7.9401 1211.4385 198.4238 1223.0000 304.9646 1.4247 1.5573 3.5215 11.3387 1.7753 11.9507 -7.1928 2.3525
59 Car -1 -1 -4.4161 942.6117 180.7238 987.6302 202.9591 1.5246 1.7061 4.2679 25.8283 1.5413 50.6492 -3.9456 1.7846
59 Car -1 -1 -4.7834 1190.3998 181.5710 1223.0000 227.6371 1.5685 1.6592 4.0525 22.9470 1.6118 26.2925 -4.0704 1.1854
60 Car -1 -1 -7.9848 1161.8573 194.7244 1223.0000 301.4981 1.4636 1.6065 3.7021 10.7895 1.7495 12.2091 -7.2725 5.7470
60 Car -1 -1 -3.9680 459.8671 163.9327 625.6530 244.1607 1.8836 1.7768 4.5817 -1.5613 1.4950 18.9508 -4.0471 5.0317
60 Car -1 -1 -4.4147 895.0964 180.5010 938.2391 204.1357 1.6273 1.7256 4.0536 22.4152 1.6274 50.7811 -3.9998 2.1879
60 Car -1 -1 -4.6568 1143.8539 183.1755 1205.5428 227.1985 1.5318 1.6259 3.9320 21.6467 1.6412 26.8526 -3.9826 1.3642
60 Car -1 -1 -7.9773 1171.5404 186.1764 1223.0000 260.0837 1.4604 1.6466 4.1630 14.4602 1.6107 16.4955 -7.2657 1.3615
60 Car -1 -1 -7.8881 1106.5062 186.3758 1201.6974 256.2312 1.4561 1.6331 4.0824 13.2001 1.6174 17.2370 -7.2420 -1.3449
60 Car -1 -1 -4.9629 1124.4904 170.6098 1180.2330 198.6822 1.5128 1.5822 3.8551 31.0152 0.9800 40.1859 -4.3078 -1.7802
61 Car -1 -1 -7.9868 1118.3762 190.9876 1223.0000 293.3239 1.4562 1.5802 3.4237 10.0559 1.6671 12.3195 -7.3133 5.8688
61 Car -1 -1 -3.9734 408.1775 161.6426 582.2305 245.6066 1.8838 1.7618 4.6347 -2.7038 1.4611 18.2753 -4.1161 5.3104
61 Car -1 -1 -8.0472 1110.3453 185.7797 1223.0000 258.7856 1.4965 1.6861 4.2675 13.6032 1.6417 17.1077 -7.3830 4.3115
61 Car -1 -1 -7.8084 1089.5472 181.3919 1144.0059 222.9033 1.4995 1.5690 3.6669 19.9476 1.5369 27.5481 -7.1857 2.0667
61 Car -1 -1 -4.4008 845.6583 176.5950 889.3069 199.1011 1.5414 1.7268 4.1998 18.8233 1.2740 50.6088 -4.0452 1.9835
62 Car -1 -1 -8.0032 1073.5433 191.9987 1223.0000 292.2748 1.4237 1.5438 3.4161 9.2593 1.6552 12.3388 -7.3703 5.6828
62 Car -1 -1 -3.9702 356.9488 160.7168 537.0870 248.6876 1.8848 1.7439 4.5120 -3.7693 1.4613 17.5340 -4.1765 4.6902
62 Car -1 -1 -7.9980 1068.4766 183.9399 1187.3258 254.1344 1.4773 1.6981 4.1556 12.5900 1.5728 17.3349 -7.3771 4.2758
62 Car -1 -1 -4.3490 799.4033 177.0990 844.3364 200.2877 1.5780 1.7261 4.0533 15.4456 1.3466 50.2438 -4.0510 2.3833
62 Car -1 -1 -7.6835 1038.8593 181.5074 1106.3195 222.2922 1.5000 1.6141 3.8723 18.5745 1.5430 28.0672 -7.1026 1.9668
62 Car -1 -1 -8.2001 1033.7061 180.3863 1100.4164 213.1346 1.4104 1.4149 3.5482 21.0224 1.4057 32.3396 -7.6266 1.3774
62 Car -1 -1 -4.8574 1076.2509 171.7052 1114.0658 193.9969 1.5076 1.6088 4.1063 34.6153 0.9129 50.0166 -4.2534 0.4399
62 Car -1 -1 -6.3663 1037.4635 179.6985 1118.7902 207.3773 1.5294 1.6588 3.7573 27.1292 1.4852 40.7003 -5.7804 -1.2529
62 Car -1 -1 -4.2014 610.1641 177.3231 668.4994 207.5886 1.4806 1.5295 3.4091 1.7947 1.3253 36.4391 -4.1509 -1.7813
63 Car -1 -1 -7.9953 1036.8956 192.3270 1184.0745 294.0972 1.4442 1.5457 3.4203 8.5820 1.6825 12.3452 -7.3983 5.9894
63 Car -1 -1 -7.9963 1027.1852 186.5009 1137.5935 255.9556 1.4657 1.6430 4.0430 11.5875 1.6328 17.4762 -7.4177 5.7236
63 Car -1 -1 -7.8937 997.0731 181.7722 1046.9366 221.2600 1.4793 1.5700 3.5346 16.7370 1.5343 28.5406 -7.3667 2.9932
63 Car -1 -1 -4.3357 753.0388 176.9625 799.9789 199.8309 1.5364 1.7048 4.4258 12.1243 1.2988 49.8030 -4.0968 1.8699
63 Car -1 -1 -7.8737 991.6390 182.6428 1024.3530 208.7169 1.4975 1.6390 3.9773 24.5065 1.6347 43.0983 -7.3583 0.7283
63 Car -1 -1 -4.4234 639.7088 161.0341 674.4580 188.3106 2.0719 1.6869 3.9194 4.1586 0.5933 55.8383 -4.3478 -1.5712
63 Car -1 -1 -4.7148 1004.9059 179.7912 1046.3068 213.3395 1.4289 1.5342 4.0267 19.1278 1.3990 32.2404 -4.1821 -1.6497
64 Car -1 -1 -8.0054 997.0491 192.9349 1144.4594 295.7603 1.4495 1.5634 3.4274 7.8609 1.6994 12.3054 -7.4472 6.9639
64 Car -1 -1 -7.9996 985.0024 186.7629 1094.7798 256.1978 1.4673 1.6739 4.1759 10.6066 1.6434 17.5963 -7.4637 5.8289
64 Car -1 -1 -7.8235 953.1874 183.0978 999.1135 221.7949 1.4620 1.5670 3.4575 15.1571 1.5752 28.8569 -7.3429 4.4264
64 Car -1 -1 -3.9274 239.5690 158.5211 453.0305 257.5974 1.9033 1.7625 4.6239 -5.6599 1.4814 16.0470 -4.2586 3.6697
64 Car -1 -1 -4.3552 711.3840 176.5691 756.6538 201.8821 1.6813 1.7154 4.2710 9.0281 1.4203 49.2354 -4.1735 2.6895
64 Car -1 -1 -4.3633 1041.2004 173.3761 1108.4243 204.9191 1.5795 1.6617 4.0930 24.7885 1.2229 37.2909 -3.7790 0.0239
64 Car -1 -1 -4.1138 572.2637 174.8582 628.2084 198.8843 1.5248 1.6474 4.1874 -0.2703 1.1668 47.0670 -4.1178 -1.7047
65 Car -1 -1 -8.0268 958.4186 193.4109 1108.7281 296.6613 1.4424 1.5742 3.4512 7.1698 1.7008 12.2407 -7.5067 6.3263
65 Car -1 -1 -8.0110 947.8984 186.8894 1054.0674 257.5983 1.4940 1.6194 4.0507 9.6021 1.6723 17.5122 -7.5156 5.1210
65 Car -1 -1 -4.3674 669.2809 175.3751 713.5315 201.6120 1.7094 1.7037 4.1242 5.9450 1.3756 48.2905 -4.2441 4.3663
65 Car -1 -1 -3.9345 171.1960 160.6490 403.4572 261.0981 1.7987 1.7627 4.6096 -6.5440 1.4436 15.1283 -4.3334 3.6278
65 Car -1 -1 -7.8746 915.5317 181.9815 959.3594 220.3237 1.4695 1.5417 3.2746 13.5744 1.5344 29.0467 -7.4401 3.4485
65 Car -1 -1 -4.7019 908.8284 180.7931 946.7455 212.7663 1.5385 1.6783 4.2904 16.5911 1.5547 36.3629 -4.2757 0.2399
65 Car -1 -1 -5.1579 1155.6331 171.5095 1223.0000 206.8266 1.5308 1.6155 3.6266 27.2336 1.1414 32.6035 -4.4652 -0.6789
65 Car -1 -1 -5.2136 888.2195 181.4241 942.9589 208.0628 1.5681 1.6045 3.4752 19.0568 1.6274 43.5471 -4.8023 -1.2879
65 Car -1 -1 -4.7472 978.5148 174.8087 1007.4498 197.7213 1.4932 1.5825 3.8507 26.3788 1.1224 48.1534 -4.2473 -1.6278
65 Car -1 -1 -4.6431 899.2944 181.2122 926.0533 201.5453 1.5104 1.6332 4.0000 23.8893 1.5678 54.8231 -4.2327 -1.7590
65 Car -1 -1 -6.6549 940.8439 177.4435 1062.5647 215.7790 1.4761 1.7160 3.8928 15.7738 1.3586 28.3336 -6.1501 -1.9861
66 Car -1 -1 -8.0468 926.1471 191.7710 1080.9486 295.6017 1.4332 1.5830 3.4524 6.5371 1.6557 12.0497 -7.5593 7.3171
66 Car -1 -1 -7.9968 912.1038 185.0589 1014.3317 255.5525 1.4993 1.6305 4.1085 8.6789 1.6268 17.5279 -7.5427 6.1510
66 Car -1 -1 -3.8907 87.7119 155.6990 353.8830 269.7955 1.8840 1.7481 4.7185 -7.3973 1.4748 14.1909 -4.3603 4.5527
66 Car -1 -1 -4.2943 627.4208 176.2767 675.4272 201.5391 1.6054 1.6468 4.1543 3.1419 1.3371 47.1536 -4.2266 3.7940
66 Car -1 -1 -7.7352 872.8151 181.5024 924.7618 220.3673 1.4930 1.5661 3.7097 12.1784 1.5375 29.2642 -7.3432 3.4172
66 Car -1 -1 -7.8739 870.7303 181.3865 903.4947 209.0834 1.4661 1.6157 3.6796 15.7248 1.5183 39.5604 -7.4968 1.5017
66 Car -1 -1 -7.8449 877.7504 180.4979 914.3270 212.2903 1.4451 1.5511 3.5658 14.0119 1.4452 34.0819 -7.4566 1.4800
66 Car -1 -1 -8.0006 857.6594 181.7317 895.6672 206.6526 1.4957 1.6511 4.1296 17.1650 1.5777 44.8451 -7.6359 -0.9833
66 Car -1 -1 -4.9195 848.5081 178.8984 879.7420 199.8438 1.5880 1.5698 3.6963 20.3223 1.4666 55.5482 -4.5691 -1.0696
67 Car -1 -1 -8.0345 900.8133 188.3688 1051.2717 293.9929 1.4332 1.5357 3.4280 5.9081 1.5848 11.7294 -7.5772 6.8802
67 Car -1 -1 -8.0382 878.2196 182.1933 986.6046 252.9120 1.5166 1.6398 4.1229 7.8765 1.5640 17.4636 -7.6197 5.4997
67 Car -1 -1 -7.8487 843.4483 177.0242 886.2503 215.7385 1.4964 1.5676 3.6404 10.7386 1.3623 29.3081 -7.4994 5.1635
67 Car -1 -1 -4.3526 590.5811 172.9880 636.7045 201.1438 1.7431 1.6668 4.0744 0.6089 1.2781 45.9730 -4.3378 4.6281
67 Car -1 -1 -3.8852 2.7335 156.1638 301.6495 278.7790 1.8553 1.7756 4.6745 -8.0763 1.4874 13.1919 -4.4221 4.0863
67 Car -1 -1 -7.8984 835.5224 179.3750 868.4122 206.2954 1.4351 1.5709 3.5616 13.7822 1.3753 39.6239 -7.5646 1.6819
67 Car -1 -1 -7.8191 832.4542 178.3052 862.1218 203.6997 1.5321 1.6483 3.7846 15.3481 1.3997 44.7183 -7.4891 1.1053
67 Car -1 -1 -7.9032 845.1777 176.7070 884.5177 209.2370 1.5033 1.6126 3.7614 12.6802 1.3282 34.7104 -7.5543 0.2337
67 Car -1 -1 -7.8370 827.3740 174.2842 850.4120 196.9163 1.7231 1.6664 4.0955 18.5725 1.2498 56.0380 -7.5171 0.0299
68 Car -1 -1 -8.0708 875.2422 186.1126 1038.2550 293.2812 1.4222 1.5551 3.5277 5.4388 1.5286 11.4706 -7.6370 7.2243
68 Car -1 -1 -8.0523 851.1692 177.7112 963.0066 249.7506 1.5345 1.6549 4.1943 7.1639 1.4754 17.2764 -7.6641 6.0366
68 Car -1 -1 -7.7986 815.9221 174.3157 859.1947 214.7594 1.5558 1.5112 3.3808 9.5672 1.3181 29.0484 -7.4821 5.5806
68 Car -1 -1 -4.3364 555.7064 169.0587 603.1897 199.3744 1.8180 1.6235 4.0188 -1.5630 1.1320 44.5668 -4.3695 5.0383
68 Car -1 -1 -3.8619 0.0000 148.7676 249.4966 288.5439 1.9375 1.7626 4.6367 -8.6597 1.4980 12.2648 -4.4627 4.9674
68 Car -1 -1 -7.9087 808.1468 175.8554 842.9139 204.0432 1.5011 1.6487 3.7037 12.3043 1.2539 39.6491 -7.6084 1.4768
68 Car -1 -1 -7.9262 800.4939 175.4804 832.8185 201.0735 1.5466 1.6647 4.0879 13.3852 1.2433 44.9016 -7.6368 -0.0070
68 Car -1 -1 -4.7763 780.9435 174.0769 805.2198 194.3270 1.5559 1.6133 4.0269 14.9907 1.0624 56.4593 -4.5165 -0.3535
68 Car -1 -1 -4.8452 810.3184 175.8182 859.4910 210.1755 1.5174 1.6606 4.0958 10.7606 1.3108 33.3901 -4.5346 -0.5487
68 Car -1 -1 -4.6127 796.2632 174.7935 823.4821 195.1234 1.5459 1.6809 3.9837 16.2430 1.1120 55.9278 -4.3299 -0.9481
69 Car -1 -1 -8.1108 852.5071 185.2304 1026.7086 297.2904 1.4412 1.5498 3.4524 4.9650 1.5279 11.0729 -7.6983 7.2347
69 Car -1 -1 -8.0551 828.7191 176.8702 941.7939 249.5653 1.5170 1.6652 4.1075 6.4894 1.4416 16.9156 -7.6934 6.0970
69 Car -1 -1 -4.3307 523.1786 166.9660 572.3219 198.4235 1.8208 1.6113 3.9775 -3.4381 1.0375 43.0634 -4.4080 5.7981
69 Car -1 -1 -7.8577 792.2671 173.6054 835.2129 213.6727 1.5266 1.5815 3.6233 8.4829 1.2641 28.8981 -7.5735 5.2465
69 Car -1 -1 -3.8041 0.0000 141.8499 196.2011 298.2228 1.9876 1.7335 4.4795 -9.1423 1.4967 11.3706 -4.4658 2.5800
69 Car -1 -1 -7.9762 786.3737 172.7610 829.9960 206.2985 1.5205 1.5825 3.4895 9.6645 1.1698 33.9011 -7.6993 2.1664
69 Car -1 -1 -7.9474 780.3901 174.5228 816.0021 202.8105 1.5051 1.5805 3.5994 10.7390 1.1872 39.5269 -7.6825 1.9980
69 Car -1 -1 -7.9808 773.2247 173.1973 806.7411 199.5995 1.5989 1.5850 3.7296 11.6603 1.1568 44.7701 -7.7261 1.0678
69 Car -1 -1 -7.6947 772.5861 170.6844 802.3976 191.7896 1.6041 1.6712 3.9863 14.4670 0.8580 55.8988 -7.4411 0.4131
69 Car -1 -1 -6.7280 930.7011 168.8135 1075.1909 216.3144 1.5625 1.7030 3.9669 13.5028 1.1783 24.2260 -6.2235 0.0386
69 Car -1 -1 -7.9698 754.4864 171.2383 781.3274 191.6972 1.5712 1.6437 3.8475 12.9427 0.8599 56.3024 -7.7435 -1.7540
70 Car -1 -1 -8.1255 838.2664 185.9043 1023.3407 302.6053 1.4306 1.5541 3.5227 4.6310 1.5268 10.6847 -7.7256 7.4874
70 Car -1 -1 -8.0571 811.3687 176.5592 926.5865 251.6481 1.5273 1.6497 4.2056 5.9671 1.4475 16.5776 -7.7160 6.1338
70 Car -1 -1 -7.8244 773.3005 172.7194 816.2352 213.6821 1.5350 1.5672 3.5532 7.6449 1.2437 28.4228 -7.5628 5.0791
70 Car -1 -1 -7.9458 768.6187 172.4660 810.1677 206.8865 1.5326 1.5655 3.5231 8.6201 1.1751 33.3455 -7.6935 4.4965
70 Car -1 -1 -4.3064 493.3574 166.9223 545.1968 198.6490 1.7703 1.6204 3.8683 -4.9872 1.0128 41.5364 -4.4232 3.7731
70 Car -1 -1 -3.8688 0.0000 136.7559 141.3052 299.4626 1.9466 1.6871 4.0543 -9.3427 1.4236 10.5824 -4.5753 1.6855
70 Car -1 -1 -7.9301 760.4766 173.4958 794.0056 201.2395 1.4672 1.5385 3.4608 9.4979 1.0969 39.2237 -7.6927 1.2243
70 Car -1 -1 -7.6790 758.8395 173.1035 796.7965 197.8554 1.4774 1.6689 3.8347 10.8572 1.0360 44.2935 -7.4386 -0.2667
70 Car -1 -1 -4.9776 737.2842 169.9534 771.5335 191.4268 1.6387 1.6380 4.0800 11.8019 0.8338 56.0402 -4.7695 -0.3479
70 Car -1 -1 -6.8775 910.9294 168.2828 1049.0846 213.6700 1.4894 1.6488 3.9420 12.7669 1.0887 24.2436 -6.3965 -1.1893
71 Car -1 -1 -8.1365 828.7150 184.8721 1025.9810 307.4690 1.4198 1.5472 3.5460 4.3262 1.4945 10.1674 -7.7437 6.8597
71 Car -1 -1 -4.2977 466.0643 166.6931 520.3592 200.6993 1.8222 1.6155 3.8307 -6.2655 1.0825 39.9460 -4.4503 6.4539
71 Car -1 -1 -8.0799 797.9498 174.1633 919.4815 252.5352 1.5417 1.6420 4.1501 5.5333 1.4174 16.0567 -7.7525 6.3904
71 Car -1 -1 -7.8388 756.5222 171.9535 800.9946 213.3997 1.5327 1.6091 3.5522 6.8862 1.2169 28.0678 -7.5992 5.9753
71 Car -1 -1 -7.9297 752.6243 171.3970 792.7609 206.2081 1.5347 1.5529 3.4445 7.7511 1.1335 32.9916 -7.6994 3.9716
71 Car -1 -1 -7.8186 746.0162 171.8373 777.3904 200.0065 1.4709 1.5617 3.4401 8.6132 1.0187 38.7807 -7.6001 2.0729
71 Car -1 -1 -3.7534 0.0000 156.8957 78.0284 328.8751 1.7261 1.6626 4.3761 -9.7486 1.4896 9.3954 -4.5386 0.3774
71 Car -1 -1 -7.9716 734.6555 172.8601 767.6831 197.1990 1.4575 1.6026 3.6050 9.0879 1.0001 44.2059 -7.7686 0.1266
71 Car -1 -1 -4.9667 722.9062 170.7209 755.8002 192.0676 1.6211 1.5826 4.0204 10.5563 0.8784 55.7524 -4.7789 -0.2161
71 Car -1 -1 -7.8698 0.6560 168.5770 83.5774 236.0064 1.6680 1.6535 3.6870 -15.5062 1.3734 19.4436 -8.5333 -0.8333
71 Car -1 -1 -6.0695 979.1218 160.9755 1075.8063 196.0111 1.5502 1.6212 3.6275 19.7196 0.6865 33.1129 -5.5349 -1.6972
71 Car -1 -1 -4.7706 1095.3109 137.9168 1134.7386 170.3420 1.6505 1.5457 3.6711 28.1978 -0.5911 39.1857 -4.1489 -1.7389
72 Car -1 -1 -8.1515 825.4861 185.6463 1036.8204 317.7004 1.4402 1.5564 3.4891 4.1349 1.5241 9.6637 -7.7574 7.1257
72 Car -1 -1 -8.0907 785.4388 177.0469 912.9487 257.5112 1.5291 1.6342 4.2704 5.1555 1.4638 15.6283 -7.7765 6.6027
72 Car -1 -1 -7.8131 743.7408 172.2309 788.8187 215.6815 1.5785 1.5774 3.4932 6.3091 1.2784 27.5789 -7.5891 6.1578
72 Car -1 -1 -4.3063 438.4971 169.6035 498.4926 204.6793 1.7988 1.6770 4.1902 -7.3661 1.2401 38.4867 -4.4921 5.9990
72 Car -1 -1 -7.8867 732.6520 174.6385 765.4572 203.6422 1.4992 1.6220 3.5698 7.7734 1.1964 38.4417 -7.6871 2.9612
72 Car -1 -1 -7.9157 738.7444 173.2432 779.2492 208.5263 1.5372 1.6021 3.4897 7.0362 1.2213 32.6504 -7.7038 2.6478
72 Car -1 -1 -7.8701 728.5566 173.8621 756.8542 200.5057 1.5688 1.6410 3.9221 8.4652 1.1781 43.7058 -7.6785 0.9180
72 Car -1 -1 -1.8255 0.0000 183.9584 27.6549 299.3262 1.4904 1.6564 3.9893 -10.8791 1.5530 10.9898 -2.5896 0.3879
72 Car -1 -1 -7.6563 719.1343 170.4657 750.0387 192.6446 1.6576 1.6339 3.8650 10.1089 0.9077 54.9422 -7.4737 0.0723
72 Car -1 -1 -4.8791 1013.4288 170.1003 1072.6864 204.6928 1.5242 1.6661 4.3114 20.6154 1.0662 33.4649 -4.3296 -0.6608
72 Car -1 -1 -4.9038 808.5960 173.5431 837.2280 192.5794 1.5053 1.5631 3.6624 17.7904 0.9552 57.8150 -4.6052 -1.1850
72 Car -1 -1 -7.8715 703.4329 171.2072 725.6237 192.6566 1.6175 1.6453 3.8768 8.5494 0.9167 55.3494 -7.7174 -1.5180
73 Car -1 -1 -8.1565 819.0181 188.1169 1052.8636 332.4001 1.4423 1.5744 3.7425 3.9366 1.5627 9.2067 -7.7632 7.0264
73 Car -1 -1 -8.0872 779.5077 179.0864 910.6592 263.0892 1.5257 1.6167 4.2813 4.8572 1.5004 15.0371 -7.7793 6.5007
73 Car -1 -1 -7.8736 731.9017 175.2894 777.5155 219.5905 1.5799 1.6008 3.5560 5.6618 1.3943 27.1103 -7.6684 6.4519
73 Car -1 -1 -4.2895 415.2086 173.1089 476.4851 209.6629 1.7999 1.6468 3.9186 -8.2471 1.4361 36.9007 -4.5059 6.1269
73 Car -1 -1 -7.9840 722.2570 175.9074 768.4683 212.4231 1.5683 1.6099 3.4856 6.3023 1.3713 32.1569 -7.7907 2.5359
73 Car -1 -1 -7.8013 720.1198 177.3174 753.9051 206.1729 1.4652 1.5918 3.5940 7.0860 1.3037 37.8358 -7.6160 2.2563
73 Car -1 -1 -7.8711 715.3595 176.9749 744.1454 203.0108 1.5136 1.6531 3.6992 7.5502 1.3088 43.0598 -7.6972 1.1565
73 Car -1 -1 -4.6891 706.2454 176.0363 728.4462 196.7059 1.5392 1.6062 3.8591 8.7243 1.2068 54.6936 -4.5302 0.6382
73 Car -1 -1 -7.9310 1016.9685 159.4793 1055.6450 190.7001 1.7349 1.6367 3.6626 25.1234 0.5669 41.2932 -7.3861 0.4943
73 Car -1 -1 -4.4635 575.0693 175.5017 602.1282 191.9941 1.5506 1.6611 4.1113 -1.5336 1.0805 68.6674 -4.4841 -0.3164
73 Car -1 -1 -6.6270 1143.2291 159.3336 1223.0000 197.9794 1.4848 1.6494 4.0104 24.4896 0.6718 28.6426 -5.9234 -0.6557
73 Car -1 -1 -8.1944 737.3353 168.1520 779.9692 191.3379 1.6380 1.7142 4.3540 11.2893 0.7657 52.2190 -7.9810 -2.0087
73 Car -1 -1 -6.8493 1110.1367 154.7928 1223.0000 196.1227 1.5291 1.5927 3.5103 21.7171 0.5783 27.1351 -6.1784 -2.1923
74 Car -1 -1 -8.1990 817.4539 189.5500 1080.9888 345.7386 1.4369 1.5847 3.6756 3.7841 1.5714 8.6026 -7.7964 7.3972
74 Car -1 -1 -8.1059 774.2417 179.8054 914.6274 268.6686 1.5527 1.6516 4.1936 4.6495 1.5409 14.4923 -7.8002 6.9041
74 Car -1 -1 -7.8296 722.3411 178.0580 768.2682 222.3428 1.5452 1.5829 3.3787 5.2600 1.4603 26.4925 -7.6343 5.9746
74 Car -1 -1 -4.2911 391.4204 174.0415 456.4318 211.2248 1.7469 1.6374 4.0142 -8.9843 1.4436 35.3371 -4.5363 5.8994
74 Car -1 -1 -7.9833 714.0289 176.8663 763.0950 214.8200 1.5871 1.6547 3.8170 5.8620 1.4353 31.5162 -7.7997 3.2855
74 Car -1 -1 -7.9495 709.0186 178.0802 746.6238 207.5552 1.4824 1.6212 3.5135 6.4276 1.3609 37.3727 -7.7789 2.6680
74 Car -1 -1 -7.8944 696.2363 176.5031 719.9585 197.6648 1.5619 1.6387 3.9215 7.8778 1.2669 54.2217 -7.7494 1.2717
74 Car -1 -1 -8.0497 695.1343 178.3699 734.4666 204.6231 1.5143 1.6443 3.7312 6.5679 1.3915 42.6809 -7.8965 1.0237
74 Car -1 -1 -6.2765 1110.5923 156.7973 1223.0000 203.3367 1.5950 1.6950 4.2930 21.4425 0.7829 26.2489 -5.5958 -0.3811
74 Car -1 -1 -4.2957 426.8418 182.1144 470.8413 202.9668 1.4545 1.6396 4.0542 -11.3816 1.5777 51.8014 -4.5091 -1.7238
74 Car -1 -1 -8.2118 732.0191 166.7610 773.7942 192.0408 1.7657 1.6956 3.9451 10.7136 0.8061 51.4621 -8.0061 -2.0242
75 Car -1 -1 -8.2161 826.2246 190.2420 1117.8156 363.3974 1.4465 1.5679 3.6453 3.7043 1.5826 7.9820 -7.7949 7.3622
75 Car -1 -1 -8.1030 771.6401 179.3800 917.7439 272.7541 1.5495 1.6274 4.2903 4.4464 1.5313 13.9201 -7.7988 6.7122
75 Car -1 -1 -4.2638 369.2254 171.7634 439.0388 212.0323 1.8078 1.6279 4.0028 -9.5488 1.4158 33.8557 -4.5346 6.4418
75 Car -1 -1 -7.8499 715.7648 175.2630 762.3434 221.5578 1.5799 1.5709 3.3034 4.8760 1.4014 25.8991 -7.6644 6.3367
75 Car -1 -1 -7.9792 707.7327 176.4649 755.4922 213.3589 1.5223 1.6233 3.4702 5.4574 1.3560 30.9471 -7.8048 5.1233
75 Car -1 -1 -7.9170 702.4371 177.4110 737.8597 207.6688 1.4976 1.5909 3.5624 5.9372 1.3448 36.8441 -7.7570 2.9835
75 Car -1 -1 -4.5431 550.1926 175.3462 576.0020 192.2893 1.5369 1.7532 4.0373 -3.8695 1.0693 66.2391 -4.5995 1.2780
75 Car -1 -1 -7.9455 948.0883 176.1651 1036.3552 241.2824 1.4604 1.5872 3.4863 9.5719 1.3636 17.7721 -7.4573 1.2750
75 Car -1 -1 -7.8507 688.2845 176.0492 710.6971 197.5048 1.5646 1.6232 3.7586 7.1627 1.2400 53.5312 -7.7169 1.1088
75 Car -1 -1 -7.9794 690.3531 178.1351 726.2709 204.5734 1.5021 1.6417 3.8327 6.0928 1.3679 42.1026 -7.8352 0.9485
75 Car -1 -1 -4.7462 862.6944 171.2621 892.3690 197.3891 1.5601 1.5927 3.9156 17.0360 1.0086 44.3311 -4.3801 -2.0492
76 Car -1 -1 -8.2578 824.9623 190.3839 1162.2491 369.0000 1.4682 1.5784 3.6782 3.5542 1.5978 7.3751 -7.8237 7.2152
76 Car -1 -1 -4.2529 345.6805 172.5130 419.8820 214.4475 1.7932 1.6214 3.9911 -10.0887 1.4519 32.3347 -4.5509 6.5630
76 Car -1 -1 -8.1250 766.8110 179.8829 924.9507 279.4503 1.5715 1.6565 4.1953 4.2405 1.5622 13.2832 -7.8213 6.3879
76 Car -1 -1 -7.9623 701.2751 177.0328 750.9912 215.4962 1.5513 1.7098 3.6074 5.1122 1.4117 30.3669 -7.7956 5.1979
76 Car -1 -1 -7.8699 710.5475 177.3905 759.0468 223.5708 1.5358 1.5951 3.4676 4.5819 1.4326 25.3537 -7.6917 4.7045
76 Car -1 -1 -7.9042 695.5703 177.4775 731.6086 208.3922 1.5009 1.6371 3.5289 5.4897 1.3543 36.1651 -7.7533 3.7302
76 Car -1 -1 -7.8998 688.2311 178.0053 719.2184 205.6534 1.5447 1.6199 3.7913 5.7358 1.4054 41.4644 -7.7618 1.7970
76 Car -1 -1 -7.5188 682.6063 175.7109 719.4603 197.0874 1.5330 1.6179 3.6247 7.1926 1.1896 52.6888 -7.3823 1.0018
76 Car -1 -1 -4.4293 538.5586 175.1223 568.4202 193.2231 1.5980 1.6295 4.1225 -4.6487 1.1231 64.6074 -4.4992 0.2282
76 Car -1 -1 -6.7127 928.7937 172.1593 1141.3342 242.3432 1.5396 1.7013 3.8962 9.8687 1.3570 16.5535 -6.1819 -0.2008
76 Car -1 -1 -4.7782 864.4247 173.7542 896.7275 199.3746 1.5059 1.5900 3.9596 16.9700 1.1095 43.6851 -4.4085 -1.6143
77 Car -1 -1 -8.1478 766.2062 181.1302 936.7747 284.1881 1.5236 1.6212 4.1924 4.0851 1.5370 12.5859 -7.8397 7.2852
77 Car -1 -1 -4.2470 319.6510 172.6288 399.9749 217.6027 1.8197 1.6368 4.0539 -10.5732 1.5014 30.7288 -4.5735 6.5283
77 Car -1 -1 -7.8833 706.2328 177.1790 755.0273 224.0094 1.5166 1.5601 3.2697 4.2835 1.4094 24.6273 -7.7117 6.4938
77 Car -1 -1 -8.2880 836.8433 188.9354 1223.0000 369.0000 1.4840 1.5998 3.6166 3.5023 1.5865 6.7319 -7.8256 6.2349
77 Car -1 -1 -7.9837 694.1638 176.7986 745.2464 215.2512 1.5138 1.6498 3.5856 4.7186 1.3684 29.6513 -7.8259 4.8077
77 Car -1 -1 -7.9320 687.6868 177.5852 727.0532 209.1476 1.5020 1.6656 3.6854 5.0743 1.3635 35.5394 -7.7898 3.2905
77 Car -1 -1 -4.4262 524.9024 178.5063 555.9811 196.0071 1.4971 1.6111 4.2296 -5.6676 1.3265 62.7164 -4.5143 1.5131
77 Car -1 -1 -7.8595 682.6840 178.1979 712.8459 205.4489 1.4961 1.6460 3.8430 5.3294 1.3699 40.8277 -7.7291 1.2546
77 Car -1 -1 -7.9722 669.0482 175.9512 696.4287 198.0217 1.5796 1.6013 3.5931 5.7307 1.2540 52.4068 -7.8623 1.0894
77 Car -1 -1 -4.9133 752.0233 172.1864 793.2817 198.3311 1.5384 1.6728 4.1690 10.2954 1.0493 43.7122 -4.6819 -1.4925
78 Car -1 -1 -8.1525 769.1323 181.1968 946.7956 291.3399 1.5356 1.5928 4.0671 3.9616 1.5497 11.9290 -7.8381 7.1614
78 Car -1 -1 -4.2457 294.0520 173.8729 379.0444 221.2086 1.8143 1.6373 3.9992 -10.9911 1.5605 29.1778 -4.6008 6.9348
78 Car -1 -1 -7.8341 698.9033 177.1933 749.8161 226.3711 1.5497 1.5924 3.3074 4.0515 1.4458 24.0537 -7.6678 6.4271
78 Car -1 -1 -8.3017 844.0735 192.8897 1223.0000 369.0000 1.4910 1.5839 3.7156 3.3678 1.6313 6.0974 -7.8170 6.0203
78 Car -1 -1 -7.9848 690.1428 177.0819 741.2119 216.8211 1.5265 1.6203 3.3678 4.4291 1.3954 28.8608 -7.8325 4.0712
78 Car -1 -1 -7.8857 683.7709 178.8024 718.9595 210.5492 1.4848 1.6000 3.5920 4.6959 1.4056 34.9376 -7.7516 3.0958
78 Car -1 -1 -4.4448 515.3490 178.6338 545.3300 196.6608 1.5003 1.5981 3.8604 -6.3765 1.3449 60.8785 -4.5470 1.7386
78 Car -1 -1 -7.9698 671.5464 178.0471 708.3027 205.6727 1.4905 1.6228 3.8890 4.7527 1.3583 40.0958 -7.8511 0.8943
78 Car -1 -1 -7.8872 666.8012 178.5988 690.3758 200.4689 1.5472 1.5998 3.5153 5.3668 1.4127 51.8298 -7.7831 -0.1459
78 Car -1 -1 -7.9566 982.2820 165.7594 1030.6566 201.0813 1.5104 1.5535 3.3667 18.1332 0.8803 32.0876 -7.4448 -0.2036
78 Car -1 -1 -8.4780 863.0486 168.2531 937.8461 202.2432 1.7789 1.7160 4.1458 16.2777 1.1381 39.2184 -8.0859 -0.3110
78 Car -1 -1 -6.2888 745.8105 170.6665 807.4770 195.2544 1.5250 1.6257 3.7523 10.9112 0.9152 45.0748 -6.0512 -0.7475
78 Car -1 -1 -7.0012 1104.0830 151.0418 1223.0000 200.5006 1.7037 1.6637 3.6156 20.1796 0.6892 25.2740 -6.3319 -1.1217
79 Car -1 -1 -8.1731 769.1334 180.4307 970.6100 299.8728 1.5598 1.6555 4.2591 3.9043 1.5593 11.3668 -7.8492 7.4273
79 Car -1 -1 -8.3923 860.8428 194.2602 1223.0000 369.0000 1.4792 1.5778 3.6122 3.3540 1.6200 5.4061 -7.8611 6.1237
79 Car -1 -1 -4.2290 268.6765 173.5968 359.9515 224.0809 1.8282 1.6179 3.9848 -11.2816 1.5785 27.6691 -4.6105 5.7138
79 Car -1 -1 -7.8754 698.0994 176.5654 749.9866 227.4155 1.5508 1.5687 3.5428 3.8578 1.4311 23.4272 -7.7127 5.5856
79 Car -1 -1 -7.9644 687.7855 176.8730 737.4269 218.3425 1.5610 1.5905 3.3708 4.2234 1.4247 28.3294 -7.8164 4.4972
79 Car -1 -1 -7.9038 678.9026 178.6827 716.1069 211.0997 1.4851 1.5976 3.6686 4.4154 1.4020 34.2835 -7.7753 4.0861
79 Car -1 -1 -7.9179 670.4072 177.7758 704.0952 206.7989 1.5456 1.6258 3.8113 4.5468 1.4006 39.5975 -7.8029 2.3228
79 Car -1 -1 -4.4622 504.7733 178.1073 536.4003 196.5708 1.4878 1.6457 4.1428 -7.0047 1.2949 59.1370 -4.5778 1.9366
79 Car -1 -1 -7.5407 980.3827 174.7614 1129.3590 255.1312 1.4761 1.5996 3.6620 9.4152 1.3711 14.7756 -6.9815 0.0681
79 Car -1 -1 -7.8075 1020.9926 155.7149 1055.8654 182.2416 1.5212 1.6206 3.8676 26.1338 0.1000 42.6009 -7.2588 -1.5558
79 Car -1 -1 -7.2826 355.0792 181.2273 414.8732 208.4390 1.4921 1.5756 3.6335 -12.6543 1.5362 40.8360 -7.5793 -1.9391
79 Car -1 -1 -8.0686 651.8923 177.4588 685.4501 200.7420 1.6184 1.6236 3.8920 4.5672 1.4071 51.1795 -7.9786 -2.1788
80 Car -1 -1 -8.1730 777.4664 179.4644 992.9057 310.7478 1.5749 1.6320 4.1897 3.8250 1.5629 10.5924 -7.8343 7.8662
80 Car -1 -1 -4.1932 240.1479 174.1141 343.0714 225.8838 1.7632 1.6431 4.1120 -11.5081 1.5459 26.2152 -4.6007 7.6339
80 Car -1 -1 -7.9493 686.0295 176.1369 736.3899 218.7918 1.5619 1.6042 3.5629 4.0689 1.4024 27.7095 -7.8035 5.5057
80 Car -1 -1 -8.4359 880.9952 195.4863 1223.0000 369.0000 1.4950 1.5945 3.6965 3.3244 1.6355 4.7637 -7.8555 5.1900
80 Car -1 -1 -7.8539 697.3352 175.9138 751.4576 228.5635 1.5501 1.5807 3.4419 3.7769 1.4154 22.6441 -7.6892 5.1853
80 Car -1 -1 -7.9215 676.3797 178.0414 716.5742 211.2156 1.4844 1.6318 3.7410 4.2655 1.3746 33.5531 -7.7946 3.9306
80 Car -1 -1 -7.9398 666.1190 177.8305 702.1423 206.5023 1.4997 1.6405 3.8189 4.2916 1.3602 38.9122 -7.8293 2.0156
80 Car -1 -1 -4.4555 495.6476 177.9664 528.5881 196.7709 1.4710 1.6691 4.0624 -7.4903 1.2728 57.4323 -4.5829 1.6274
80 Car -1 -1 -7.8182 660.9280 175.7981 685.1730 198.2683 1.5382 1.5877 3.5825 4.8688 1.2164 50.2838 -7.7206 1.5688
80 Car -1 -1 -4.6688 192.7424 169.1822 232.7112 201.6385 1.5362 1.5711 3.8369 -19.6749 1.0007 35.5348 -5.1688 -0.3695
80 Car -1 -1 -1.8130 0.0000 201.3203 145.4306 369.0000 1.4476 1.5778 3.6048 -4.8511 1.6332 4.6645 -2.5829 -0.7336
80 Car -1 -1 -7.9173 882.4513 164.2033 925.7767 198.5761 1.5391 1.6426 3.9120 14.2035 0.8096 33.7770 -7.5208 -0.8106
80 Car -1 -1 -8.2608 991.9056 155.0747 1046.5060 180.9147 1.6186 1.6371 3.9760 27.0749 0.0261 46.3610 -7.7334 -2.0424
81 Car -1 -1 -4.1804 210.8674 172.0243 322.6923 227.4889 1.7755 1.6459 4.1210 -11.7226 1.5045 24.7641 -4.6158 7.6486
81 Car -1 -1 -8.2200 784.3241 178.2681 1027.4939 318.8609 1.5495 1.6227 4.0556 3.7825 1.5253 9.8266 -7.8616 7.6184
81 Car -1 -1 -7.8464 697.3322 173.9299 752.7769 228.6653 1.5575 1.5655 3.3573 3.6852 1.3708 21.9074 -7.6804 6.8601
81 Car -1 -1 -8.0073 680.8477 175.2716 737.9376 218.3771 1.5340 1.6056 3.6079 3.8803 1.3481 26.9732 -7.8644 5.5267
81 Car -1 -1 -8.5488 901.8709 191.5208 1223.0000 369.0000 1.5299 1.5737 3.7389 3.2743 1.6227 4.0214 -7.9014 3.8943
81 Car -1 -1 -7.8909 667.1033 174.9477 700.4887 205.1561 1.5438 1.6416 3.7086 4.1792 1.2602 38.0423 -7.7807 3.2660
81 Car -1 -1 -7.9249 672.5380 176.2899 713.3621 210.3337 1.4888 1.6128 3.6448 4.0018 1.3049 32.7812 -7.8030 3.2294
81 Car -1 -1 -7.8870 656.3000 176.5978 680.6512 198.0802 1.4518 1.5789 3.7146 4.4274 1.1881 49.6830 -7.7971 2.7479
81 Car -1 -1 -4.3384 486.6148 178.1879 525.5671 197.3561 1.4560 1.6048 4.2496 -7.7688 1.2804 55.9615 -4.4739 1.9358
81 Car -1 -1 -4.8265 663.8294 175.2320 696.8765 201.0703 1.5269 1.6008 3.8151 4.6045 1.2157 43.6964 -4.7206 -1.8605
82 Car -1 -1 -8.2525 791.2195 178.3262 1067.6864 332.1126 1.5367 1.6089 4.1248 3.7429 1.5154 9.1433 -7.8743 7.6066
82 Car -1 -1 -4.1615 178.2915 171.2287 298.7881 231.3621 1.7977 1.6291 4.0070 -11.8962 1.5209 23.2028 -4.6280 7.1626
82 Car -1 -1 -7.8507 696.2763 173.3056 754.0388 230.5121 1.5732 1.5763 3.3656 3.5648 1.3756 21.2350 -7.6852 6.2270
82 Car -1 -1 -7.9888 681.2492 175.3865 738.4986 219.2209 1.5122 1.6134 3.5785 3.7810 1.3361 26.1881 -7.8455 5.3309
82 Car -1 -1 -7.9287 671.3575 176.6256 714.3094 211.4047 1.4850 1.6457 3.7912 3.9086 1.3197 32.1210 -7.8071 4.8790
82 Car -1 -1 -4.3877 479.0161 177.5803 514.9193 197.1712 1.4466 1.5293 3.9800 -8.2448 1.2310 54.3022 -4.5358 3.6614
82 Car -1 -1 -8.5805 966.9378 199.3396 1223.0000 369.0000 1.4960 1.5204 3.5821 3.2338 1.6299 3.2027 -7.8367 3.6472
82 Car -1 -1 -7.8399 654.6680 175.8446 678.4774 197.8373 1.4616 1.5791 3.7855 4.2878 1.1523 48.9531 -7.7515 2.9541
82 Car -1 -1 -7.8638 665.4235 174.8151 698.2492 205.2654 1.5227 1.6354 3.8723 4.0201 1.2386 37.3634 -7.7558 2.4915
82 Car -1 -1 -7.7014 885.9822 168.4079 936.6488 202.3061 1.5633 1.7052 3.9903 15.0794 1.0058 34.7497 -7.2937 0.1117
82 Car -1 -1 -4.7267 780.0538 162.4729 803.6796 185.4838 1.7382 1.7316 4.3823 14.7016 0.3765 55.7452 -4.4685 -2.1688
83 Car -1 -1 -8.2882 802.0193 177.8800 1120.9564 350.6420 1.5434 1.6003 4.1518 3.7264 1.5205 8.4153 -7.8835 7.3609
83 Car -1 -1 -4.1338 141.2133 170.3999 276.6928 235.6456 1.8122 1.6295 4.1008 -12.0289 1.5320 21.7480 -4.6311 7.1346
83 Car -1 -1 -7.8769 697.9845 175.0170 758.4478 233.2319 1.5350 1.5805 3.3307 3.4631 1.3908 20.4053 -7.7096 6.3078
83 Car -1 -1 -7.9949 680.3688 175.0482 739.4446 221.0687 1.5421 1.6076 3.5176 3.6714 1.3597 25.4534 -7.8517 5.9952
83 Car -1 -1 -4.4049 470.3500 176.0727 506.9490 197.4351 1.5268 1.5819 3.8655 -8.5992 1.2104 52.5607 -4.5644 4.5440
83 Car -1 -1 -7.9558 668.7191 176.4239 714.5020 211.1940 1.4506 1.6386 3.6601 3.7557 1.2808 31.3429 -7.8361 4.3802
83 Car -1 -1 -7.8975 662.3460 175.0218 697.5889 205.6265 1.5039 1.6469 3.7687 3.8233 1.2348 36.6743 -7.7928 3.4938
83 Car -1 -1 -7.8527 652.5907 175.8367 677.0203 198.0703 1.4538 1.5939 3.5300 4.0635 1.1489 48.0587 -7.7672 2.4067
83 Car -1 -1 -8.7191 1011.7943 206.9316 1223.0000 369.0000 1.4726 1.5597 3.8274 3.2801 1.6389 2.5179 -7.8606 1.9223
83 Car -1 -1 -4.3523 383.2860 176.5669 431.8339 202.0801 1.5308 1.6166 4.0295 -12.3677 1.2949 44.5025 -4.6199 -0.0570
83 Car -1 -1 -7.9467 659.9976 175.5208 693.0941 202.2380 1.5496 1.6432 3.8640 4.2915 1.2609 42.9475 -7.8462 -0.1628
83 Car -1 -1 -7.8108 1106.7006 144.6757 1157.4585 184.9706 1.7226 1.6974 4.2230 24.1712 0.1913 32.4015 -7.1728 -1.0514
83 Car -1 -1 -5.1894 763.4591 168.1042 832.2571 204.9213 1.5863 1.5745 3.5430 8.7285 1.0524 32.3621 -4.9267 -1.4315
84 Car -1 -1 -4.1094 99.1212 171.0114 250.0462 241.4037 1.8082 1.6377 4.0782 -12.1571 1.5647 20.2539 -4.6414 7.6753
84 Car -1 -1 -8.2927 812.5077 177.0196 1177.2538 369.0000 1.5558 1.6314 4.1589 3.6452 1.5287 7.6789 -7.8636 7.3072
84 Car -1 -1 -7.8737 698.8101 174.7061 762.1550 235.2305 1.5374 1.5951 3.2249 3.4041 1.3906 19.6743 -7.7034 6.3565
84 Car -1 -1 -7.9996 679.4069 174.5700 740.2014 221.8750 1.5303 1.5795 3.5437 3.5446 1.3387 24.6470 -7.8569 6.1278
84 Car -1 -1 -4.4033 461.3183 176.5019 499.4914 197.3769 1.4406 1.5698 3.9485 -8.9109 1.1647 50.8582 -4.5740 5.2217
84 Car -1 -1 -7.9425 668.1913 175.8779 713.2511 211.8761 1.4634 1.6079 3.6260 3.6239 1.2757 30.5794 -7.8241 4.8184
84 Car -1 -1 -7.9239 659.8242 174.7998 697.9515 206.7352 1.5286 1.6460 3.8391 3.6694 1.2560 35.7898 -7.8209 4.4894
84 Car -1 -1 -7.8649 650.8477 174.7650 674.7625 197.0752 1.4373 1.5373 3.3518 3.8415 1.0679 47.2763 -7.7826 1.8391
84 Car -1 -1 -8.9998 1067.6405 198.5593 1223.0000 369.0000 1.4801 1.5153 3.5738 3.4289 1.5820 2.0759 -8.0379 -0.0770
84 Car -1 -1 -8.2039 0.0000 0.0000 1223.0000 369.0000 1.5378 1.6436 4.1099 1.8470 1.6157 1.9035 -7.5098 -1.1927
84 Car -1 -1 -4.8176 655.2623 174.1726 690.5078 201.5360 1.5294 1.6327 4.1189 3.9310 1.1759 41.5862 -4.7224 -1.6995
85 Car -1 -1 -4.0834 51.7288 171.6517 219.3304 247.2775 1.7854 1.6051 4.0306 -12.2583 1.5768 18.7515 -4.6529 7.0789
85 Car -1 -1 -8.3319 827.7683 174.7563 1223.0000 369.0000 1.5526 1.6252 4.1709 3.6107 1.5140 6.8928 -7.8663 7.0507
85 Car -1 -1 -8.0131 680.1077 174.2166 744.1993 222.0103 1.4955 1.5813 3.5383 3.5092 1.2991 23.9034 -7.8676 6.5290
85 Car -1 -1 -7.8975 702.6927 172.4996 768.6941 236.4901 1.5554 1.5649 3.4939 3.3902 1.3613 19.0206 -7.7223 5.8354
85 Car -1 -1 -7.9510 657.8657 173.8356 699.3304 206.6409 1.5381 1.6727 3.8263 3.5749 1.2258 35.0679 -7.8487 4.8740
85 Car -1 -1 -4.4016 452.3275 175.8097 493.8190 198.5424 1.5164 1.6566 4.1161 -9.1448 1.2035 49.3112 -4.5821 3.8245
85 Car -1 -1 -7.8795 673.0616 175.2248 713.9064 211.5567 1.4322 1.6004 3.7163 3.6474 1.2244 29.7978 -7.7573 3.2531
85 Car -1 -1 -4.6870 649.4454 172.0007 674.1693 196.3148 1.5366 1.5299 3.6331 3.7677 0.9995 46.5711 -4.6051 2.0119
85 Car -1 -1 -4.8287 735.2241 170.4623 756.5354 187.0482 1.5269 1.5672 3.6231 13.3358 0.6027 66.9593 -4.6313 -1.8852
86 Car -1 -1 -4.0328 0.0000 174.0061 187.1498 257.0729 1.7836 1.6105 4.0036 -12.3147 1.6445 17.2347 -4.6428 7.1250
86 Car -1 -1 -7.8896 705.9644 173.5264 775.2187 240.0094 1.5388 1.5866 3.4047 3.3588 1.3777 18.1649 -7.7082 6.2878
86 Car -1 -1 -8.0089 682.1521 174.1890 749.8990 224.6970 1.5227 1.6173 3.7079 3.5157 1.3328 23.1741 -7.8587 6.0154
86 Car -1 -1 -8.3651 850.6293 173.1668 1223.0000 369.0000 1.5891 1.6194 4.1659 3.6087 1.5475 6.1314 -7.8537 5.9349
86 Car -1 -1 -4.3883 445.9534 175.8795 488.0432 199.3695 1.5151 1.6140 3.9132 -9.2488 1.2171 47.6507 -4.5771 4.8295
86 Car -1 -1 -7.8983 662.4969 174.3300 700.1902 207.4270 1.5112 1.6367 3.8297 3.6252 1.2297 34.2460 -7.7921 3.9797
86 Car -1 -1 -7.9233 671.2601 175.4003 716.7536 213.9165 1.4837 1.5916 3.7295 3.5803 1.2875 29.1413 -7.8007 3.5174
86 Car -1 -1 -7.8782 650.1965 174.7795 675.6996 198.7439 1.4885 1.5559 3.4209 3.7060 1.1333 45.6697 -7.7961 2.0866
86 Car -1 -1 -7.8776 659.2689 174.3406 688.7319 202.2747 1.5404 1.6026 3.7562 3.9418 1.2009 40.9223 -7.7807 -0.6926
87 Car -1 -1 -7.8887 710.4886 173.8570 783.8868 243.6878 1.5367 1.5973 3.5729 3.3786 1.3909 17.4480 -7.6991 6.6346
87 Car -1 -1 -3.9762 0.0000 175.2626 155.6051 268.3433 1.8069 1.6499 4.1043 -12.3604 1.7056 15.8399 -4.6275 6.4578
87 Car -1 -1 -8.0242 683.1827 173.5220 755.3041 226.6832 1.5442 1.6347 3.6442 3.4871 1.3418 22.3730 -7.8700 6.1204
87 Car -1 -1 -8.4526 877.8064 171.7476 1223.0000 369.0000 1.6002 1.6303 4.0728 3.6499 1.5600 5.3442 -7.8788 5.8386
87 Car -1 -1 -7.9293 672.5529 174.4918 719.5851 215.3658 1.5274 1.5860 3.5479 3.5481 1.3031 28.2328 -7.8040 5.2966
87 Car -1 -1 -4.3910 438.0590 177.3244 481.0557 201.7522 1.5136 1.5816 3.8639 -9.3758 1.3169 45.8231 -4.5898 5.1976
87 Car -1 -1 -7.9234 661.7002 174.1162 702.2566 209.3253 1.5721 1.6405 3.7813 3.5698 1.2872 33.4891 -7.8166 3.7541
87 Car -1 -1 -8.0764 639.8488 175.8955 675.9879 200.0422 1.4734 1.5532 3.5109 3.3198 1.1925 44.9935 -8.0016 2.4112
87 Car -1 -1 -7.9381 656.5405 175.2277 690.9931 203.4134 1.5201 1.6238 3.7585 3.8336 1.2359 40.0207 -7.8417 -0.2060
88 Car -1 -1 -7.8960 715.8799 173.1742 794.3981 248.2182 1.5625 1.6140 3.5757 3.3797 1.4103 16.6136 -7.6974 7.1750
88 Car -1 -1 -4.3408 428.7010 178.2032 476.5078 203.4993 1.5104 1.6539 3.7832 -9.4797 1.3734 44.2194 -4.5488 6.2453
88 Car -1 -1 -7.9397 673.8670 175.3271 722.9686 217.1569 1.5108 1.5681 3.5684 3.5217 1.3242 27.3530 -7.8115 6.0551
88 Car -1 -1 -8.0379 685.9940 173.5006 761.1072 228.8944 1.5442 1.5995 3.5930 3.4781 1.3494 21.5260 -7.8783 5.8201
88 Car -1 -1 -8.5183 915.7838 167.5539 1223.0000 369.0000 1.6678 1.6336 3.8338 3.6418 1.6201 4.5612 -7.8760 4.4069
88 Car -1 -1 -3.9452 0.0000 174.2697 111.3279 280.0083 1.8127 1.6645 4.1805 -12.3853 1.7063 14.2610 -4.6476 4.0245
88 Car -1 -1 -7.9501 660.5044 174.8667 704.5786 210.8563 1.5641 1.6470 3.8958 3.5013 1.3195 32.6853 -7.8427 3.3922
88 Car -1 -1 -7.8448 651.6987 176.4846 678.0833 200.5860 1.4422 1.5758 3.7040 3.7545 1.2020 44.2269 -7.7591 2.4597
88 Car -1 -1 -7.6378 660.6086 175.2091 704.1561 203.7542 1.5059 1.6200 3.8588 4.3454 1.2269 39.3868 -7.5272 -0.3458
89 Car -1 -1 -7.9270 718.9430 173.8180 805.7576 253.1521 1.5617 1.5950 3.4357 3.3447 1.4305 15.7272 -7.7198 7.8016
89 Car -1 -1 -8.0226 690.2772 173.3072 768.1175 232.9606 1.5919 1.6251 3.6519 3.4972 1.4003 20.6964 -7.8561 6.8423
89 Car -1 -1 -4.3625 421.1825 178.6450 468.7029 204.6944 1.4988 1.6255 3.6689 -9.5969 1.3922 42.6068 -4.5808 5.9686
89 Car -1 -1 -7.9695 673.1402 176.1310 729.3195 218.3582 1.4802 1.6472 3.9105 3.5329 1.3273 26.7528 -7.8381 4.7849
89 Car -1 -1 -7.9394 663.1437 176.2623 707.0720 211.6631 1.4915 1.6172 3.9661 3.5164 1.3132 31.7926 -7.8286 4.0418
89 Car -1 -1 -8.5564 968.1414 182.6571 1223.0000 369.0000 1.5680 1.6132 3.7387 3.5717 1.5855 3.6990 -7.8287 3.4282
89 Car -1 -1 -7.8200 651.6646 176.4820 679.9052 201.8446 1.4867 1.6018 3.6014 3.7505 1.2513 43.3312 -7.7327 2.9015
89 Car -1 -1 -3.8993 0.0000 171.4617 64.2886 295.0817 1.8695 1.6692 4.2646 -12.4364 1.7332 12.8701 -4.6536 2.8460
89 Car -1 -1 -7.7916 663.3891 174.6735 697.5460 204.2336 1.5371 1.6319 3.7027 4.1600 1.2343 38.7283 -7.6838 1.9031
89 Car -1 -1 -4.7230 792.4703 173.0045 824.0872 202.0823 1.4967 1.5726 3.9127 11.0186 1.1110 38.4884 -4.4448 -2.0750
90 Car -1 -1 -7.9412 725.2312 172.6980 819.0359 257.0125 1.5554 1.5766 3.4080 3.3427 1.4119 14.8363 -7.7225 7.4856
90 Car -1 -1 -4.3577 410.2132 178.4596 461.9076 207.0082 1.5727 1.6498 3.9106 -9.7390 1.4604 40.9931 -4.5876 6.5697
90 Car -1 -1 -8.0498 692.6799 173.2290 776.3621 234.1330 1.5564 1.6215 3.5586 3.4961 1.3709 19.8663 -7.8766 6.1543
90 Car -1 -1 -7.9614 676.4510 176.2331 731.1277 219.9311 1.4805 1.5716 3.7007 3.5049 1.3362 25.8261 -7.8265 4.5467
90 Car -1 -1 -7.9394 664.9796 176.0316 710.5930 211.4791 1.4591 1.6550 3.8307 3.5478 1.2754 31.0429 -7.8251 3.6220
90 Car -1 -1 -7.9463 660.7239 174.9846 697.3719 205.8738 1.5682 1.6125 3.5770 3.8852 1.2884 37.6935 -7.8429 2.9279
90 Car -1 -1 -7.8382 651.9922 176.1667 680.5245 202.3641 1.5058 1.6373 3.9161 3.7174 1.2568 42.6721 -7.7503 2.6737
90 Car -1 -1 -8.6407 1018.4293 191.3005 1223.0000 369.0000 1.4725 1.5094 3.5974 3.5357 1.5479 3.0969 -7.8370 2.5478
90 Car -1 -1 -7.9324 754.2518 178.1482 798.4928 213.8545 1.4338 1.5488 3.5861 7.2556 1.3396 30.2839 -7.6980 -1.2452
91 Car -1 -1 -8.0572 695.7498 173.1751 784.2037 238.1308 1.5814 1.6204 3.5487 3.4787 1.4034 19.0071 -7.8775 7.0330
91 Car -1 -1 -7.9844 678.0837 175.1818 735.9050 221.4916 1.5133 1.5564 3.4563 3.4798 1.3398 24.8392 -7.8453 6.7518
91 Car -1 -1 -4.3625 399.9243 179.8034 453.2737 208.3353 1.5050 1.6302 3.8939 -9.8650 1.4684 39.3199 -4.6048 6.6468
91 Car -1 -1 -7.9187 731.2396 173.7679 830.9064 262.9620 1.5326 1.6360 3.5535 3.3157 1.4173 14.0354 -7.6900 6.5698
91 Car -1 -1 -7.9520 664.7714 176.3948 711.3970 213.9654 1.4978 1.5973 3.7424 3.4458 1.3343 30.0708 -7.8375 5.8962
91 Car -1 -1 -7.7608 652.3737 176.0591 684.7181 202.8035 1.4996 1.5739 3.4663 3.7540 1.2507 41.4923 -7.6697 2.5017
91 Car -1 -1 -8.7400 1087.9056 199.6202 1223.0000 369.0000 1.4751 1.5669 3.7515 3.4562 1.5875 2.2277 -7.8034 1.6084
91 Car -1 -1 -8.0140 659.3572 173.6713 699.6849 205.3120 1.5676 1.5622 3.3581 3.8098 1.2295 36.7503 -7.9100 0.1462
92 Car -1 -1 -7.9610 738.9187 174.2169 849.8602 270.0082 1.5312 1.5687 3.4211 3.3208 1.4311 13.1035 -7.7168 7.3299
92 Car -1 -1 -8.0648 700.6479 174.9490 793.8194 242.4298 1.5538 1.5862 3.5822 3.4807 1.4263 18.0885 -7.8763 6.6099
92 Car -1 -1 -4.3303 387.3503 180.6874 444.7914 210.7755 1.5147 1.6685 3.7298 -9.9848 1.5253 37.5730 -4.5863 6.2940
92 Car -1 -1 -7.9605 681.7276 176.1908 740.3235 223.7370 1.4854 1.5684 3.5619 3.4750 1.3510 23.8979 -7.8163 6.2233
92 Car -1 -1 -7.9678 666.2919 175.4382 717.1182 215.5097 1.5467 1.6526 3.7334 3.4820 1.3515 29.1614 -7.8486 5.9834
92 Car -1 -1 -7.8744 656.0034 175.4679 684.7846 202.5644 1.4882 1.5708 3.3780 3.7052 1.2120 40.5737 -7.7824 1.9544
92 Car -1 -1 -7.9853 660.6724 174.8203 702.1241 207.0372 1.5584 1.6288 3.6446 3.8239 1.2838 36.0435 -7.8789 0.4279
92 Car -1 -1 -4.8400 905.6437 154.0989 963.7064 197.6559 1.6941 1.6784 4.0787 13.7307 0.6675 29.6975 -4.4093 -1.2858
93 Car -1 -1 -7.9641 746.3293 173.7525 868.7227 278.2589 1.5370 1.5911 3.4967 3.2989 1.4382 12.2454 -7.7057 7.5905
93 Car -1 -1 -4.3080 374.5836 181.4803 436.7754 212.8616 1.4999 1.6646 3.8115 -10.0658 1.5527 35.9197 -4.5773 6.6711
93 Car -1 -1 -7.9845 683.2451 175.2789 747.7324 226.4720 1.5387 1.6063 3.5456 3.4840 1.3821 23.0395 -7.8348 6.5634
93 Car -1 -1 -8.0583 707.1176 174.8295 803.1781 245.0486 1.5322 1.5817 3.4109 3.4815 1.4088 17.1383 -7.8598 6.3559
93 Car -1 -1 -7.9735 668.0082 175.2301 720.9088 216.1953 1.5254 1.6337 3.8455 3.4748 1.3294 28.2540 -7.8509 5.6491
93 Car -1 -1 -7.8808 656.3862 175.3870 686.5963 203.2189 1.4959 1.5935 3.5695 3.6941 1.2212 39.8365 -7.7874 3.1078
93 Car -1 -1 -7.9669 662.7594 176.3413 702.9426 207.9408 1.4820 1.5837 3.4506 3.7733 1.2872 34.8901 -7.8585 1.9259
94 Car -1 -1 -7.9832 755.9088 174.3423 896.0602 288.8714 1.5397 1.6313 3.4426 3.3100 1.4573 11.3287 -7.7047 7.7997
94 Car -1 -1 -4.3193 362.1337 180.8759 425.3236 213.7794 1.5022 1.6286 3.6992 -10.1761 1.5216 34.2498 -4.6040 7.3245
94 Car -1 -1 -8.0786 710.7137 174.2329 815.2781 249.0574 1.5416 1.5736 3.5085 3.4780 1.4129 16.3351 -7.8711 7.1366
94 Car -1 -1 -7.9732 686.9508 177.0034 751.5919 227.6673 1.4581 1.5633 3.5615 3.4622 1.3577 22.1555 -7.8187 6.2812
94 Car -1 -1 -7.9632 670.5657 175.1821 723.2303 217.6587 1.5354 1.6093 3.7750 3.4690 1.3434 27.4577 -7.8373 5.0285
94 Car -1 -1 -7.8861 656.7744 175.4420 688.8883 203.7351 1.4838 1.6402 3.4615 3.6734 1.2187 38.8595 -7.7910 2.9476
94 Car -1 -1 -7.9396 666.7437 174.4514 706.2521 208.6024 1.5528 1.5796 3.5084 3.8400 1.2780 33.9237 -7.8262 1.6921
94 Car -1 -1 -5.1160 807.8518 162.9431 858.9517 188.8022 1.6239 1.6512 4.2666 14.9761 0.5214 46.6024 -4.8053 -1.4534
95 Car -1 -1 -8.0194 763.3757 174.2541 924.2300 300.4793 1.5401 1.6139 3.4076 3.2645 1.4643 10.4216 -7.7227 7.3129
95 Car -1 -1 -8.0728 717.8065 173.6593 827.9760 253.9222 1.5466 1.5635 3.4872 3.4687 1.4152 15.3685 -7.8535 7.1789
95 Car -1 -1 -4.2914 345.8803 180.7127 415.8133 215.2103 1.4932 1.6525 3.8016 -10.2732 1.5037 32.6133 -4.5921 6.4308
95 Car -1 -1 -7.9838 689.2454 176.9979 758.8676 230.2970 1.4665 1.5764 3.7131 3.4628 1.3704 21.3338 -7.8236 6.1128
95 Car -1 -1 -7.9801 671.3845 174.7636 728.1922 218.6618 1.5296 1.6276 3.8261 3.4525 1.3300 26.5522 -7.8506 6.0340
95 Car -1 -1 -7.9212 655.1254 175.7430 690.3771 204.7314 1.4843 1.6401 3.6410 3.5843 1.2408 38.0444 -7.8264 3.4810
95 Car -1 -1 -7.9724 665.2551 175.9528 708.0926 209.6658 1.4933 1.5686 3.6040 3.7503 1.2921 33.1252 -7.8591 2.2946
95 Car -1 -1 -4.6612 643.8352 171.1920 677.0599 201.5840 1.6780 1.7051 4.5723 3.2876 1.1642 41.4154 -4.5810 -1.7945
96 Car -1 -1 -8.0369 780.9343 175.7045 961.1710 315.0002 1.5173 1.5638 3.4006 3.2921 1.4655 9.4958 -7.7117 7.6375
96 Car -1 -1 -8.1038 722.3794 174.3694 845.0234 260.9772 1.5570 1.5683 3.4838 3.4606 1.4471 14.4666 -7.8723 7.1852
96 Car -1 -1 -4.2725 327.7665 181.1095 402.2907 218.4232 1.5220 1.6096 3.7844 -10.4104 1.5505 30.8776 -4.5930 6.9660
96 Car -1 -1 -7.9906 692.2221 177.2775 767.1058 233.7335 1.4772 1.6057 3.7010 3.4548 1.3932 20.3744 -7.8235 6.3015
96 Car -1 -1 -7.9638 674.6195 175.2794 732.0045 221.6244 1.5517 1.6276 3.8373 3.4509 1.3771 25.6103 -7.8299 6.2517
96 Car -1 -1 -7.8723 657.3870 177.3361 688.9625 205.8507 1.4236 1.5719 3.5397 3.5257 1.2658 37.1237 -7.7768 3.0228
96 Car -1 -1 -7.9987 665.4324 176.6527 713.2845 211.2869 1.4834 1.6349 3.6800 3.7508 1.3188 32.1449 -7.8820 2.7162
96 Car -1 -1 -7.9373 656.7515 172.1822 689.8389 201.5948 1.6870 1.6554 3.8973 4.0511 1.2100 42.5132 -7.8413 -0.5370
97 Car -1 -1 -8.0696 793.3073 175.6527 1006.2040 337.2087 1.5525 1.5707 3.3560 3.2501 1.5063 8.5638 -7.7173 7.5565
97 Car -1 -1 -7.9632 677.4996 175.7571 736.3693 223.2062 1.5265 1.6151 3.6956 3.4384 1.3742 24.6172 -7.8245 7.1743
97 Car -1 -1 -4.2507 309.2117 182.1064 391.1928 221.4289 1.5110 1.6573 3.8159 -10.4911 1.5824 29.3267 -4.5892 7.1256
97 Car -1 -1 -8.1109 731.2817 175.0204 862.6536 268.6708 1.5583 1.5431 3.4155 3.4550 1.4675 13.4807 -7.8640 6.6025
97 Car -1 -1 -7.9939 697.8291 177.3381 775.1000 237.9436 1.5053 1.5728 3.5168 3.4601 1.4271 19.3468 -7.8181 6.2238
97 Car -1 -1 -7.9352 670.5383 177.5373 713.3807 213.1700 1.4781 1.5743 3.6136 3.7533 1.3554 31.1662 -7.8149 2.6839
97 Car -1 -1 -7.7882 656.6026 176.9771 690.6581 207.1323 1.4578 1.5026 3.4412 3.5146 1.2877 36.0020 -7.6901 1.8348
97 Car -1 -1 -8.2473 663.2397 154.3094 699.5172 178.6770 2.0455 1.7201 4.0867 6.6568 -0.1653 61.8859 -8.1389 -1.6847
98 Car -1 -1 -4.2410 288.2054 182.7550 375.7502 223.9357 1.4819 1.6206 3.8142 -10.5918 1.5766 27.6445 -4.6014 7.7462
98 Car -1 -1 -8.1176 810.9041 174.7318 1073.7701 362.7101 1.5469 1.5733 3.3227 3.2299 1.4998 7.5657 -7.7273 7.2516
98 Car -1 -1 -8.1209 738.8674 174.2582 885.8843 277.3378 1.5717 1.5531 3.5575 3.4515 1.4770 12.5625 -7.8575 6.8089
98 Car -1 -1 -8.0004 676.8632 176.0643 743.4040 226.3063 1.5513 1.6521 3.7736 3.4047 1.4146 23.7215 -7.8581 5.8842
98 Car -1 -1 -7.9981 701.0729 177.3653 783.0248 240.8797 1.4978 1.5720 3.5778 3.4382 1.4242 18.4912 -7.8157 5.7642
98 Car -1 -1 -7.9279 672.8095 177.5187 717.5320 215.2374 1.5112 1.6094 3.7850 3.7725 1.3920 30.2587 -7.8035 3.7993
98 Car -1 -1 -7.9195 656.9516 177.9076 693.4663 208.6540 1.4535 1.5665 3.6946 3.4377 1.3311 35.2969 -7.8217 3.5576
99 Car -1 -1 -8.1546 836.8499 173.9939 1170.6844 369.0000 1.5506 1.6245 3.3170 3.2672 1.5062 6.6274 -7.7135 7.6289
99 Car -1 -1 -8.0120 704.2564 177.8047 790.8116 244.5383 1.4906 1.5506 3.4081 3.3842 1.4307 17.5203 -7.8229 7.3894
99 Car -1 -1 -4.2374 265.0267 181.7843 358.5550 227.1956 1.5361 1.6176 3.7524 -10.6812 1.5871 25.9684 -4.6217 7.2181
99 Car -1 -1 -8.1360 749.2814 174.0655 910.4684 286.5127 1.5675 1.5330 3.4863 3.4408 1.4782 11.5995 -7.8533 6.5961
99 Car -1 -1 -7.9890 679.6974 176.6343 747.4157 228.0741 1.5186 1.6325 3.8230 3.3727 1.4048 22.7946 -7.8425 6.3390
99 Car -1 -1 -7.9852 670.7967 176.7759 721.6326 215.4432 1.4985 1.6084 3.6302 3.6778 1.3544 29.2205 -7.8597 4.9224
99 Car -1 -1 -7.9228 658.4203 177.7147 696.4300 209.0828 1.4386 1.5768 3.6419 3.4409 1.3111 34.2727 -7.8220 3.3928
99 Car -1 -1 -8.3268 791.5034 164.7302 844.6000 190.8789 1.5029 1.5724 3.6271 12.7542 0.5966 42.5627 -8.0360 -2.1280
100 Car -1 -1 -8.1511 755.6245 174.2938 939.9116 299.1408 1.5667 1.5745 3.4904 3.3679 1.4893 10.6206 -7.8508 7.3893
100 Car -1 -1 -4.2016 239.0907 181.1719 341.3552 229.4852 1.5290 1.5807 3.7235 -10.7508 1.5542 24.3619 -4.6107 7.2327
100 Car -1 -1 -8.0164 709.0449 178.0936 802.5720 249.7849 1.4952 1.5528 3.4858 3.3624 1.4453 16.5158 -7.8176 7.1873
100 Car -1 -1 -8.0037 682.7966 176.9455 755.0421 230.5972 1.5102 1.6279 3.7566 3.3773 1.4105 21.7837 -7.8505 6.8181
100 Car -1 -1 -8.1740 874.0882 177.7631 1223.0000 369.0000 1.5359 1.5400 3.3014 3.2233 1.5214 5.6299 -7.6760 6.7122
100 Car -1 -1 -7.9479 674.7811 176.8980 723.2227 216.9311 1.4976 1.5778 3.5547 3.6666 1.3631 28.2546 -7.8187 3.8171
100 Car -1 -1 -7.9422 658.1225 176.6791 699.0607 209.3234 1.4560 1.5948 3.6756 3.3999 1.2858 33.3845 -7.8400 3.7795
100 Car -1 -1 -8.0619 655.4763 170.4712 699.1837 203.0355 1.6981 1.6314 3.8021 3.9039 1.1753 38.8463 -7.9609 0.5429
101 Car -1 -1 -8.0279 715.5938 176.5946 816.9346 253.1984 1.4968 1.5662 3.3781 3.3750 1.4208 15.5322 -7.8165 7.4009
101 Car -1 -1 -8.1830 771.1061 171.9158 983.9695 311.7002 1.5637 1.5677 3.4677 3.4042 1.4681 9.6445 -7.8521 7.1090
101 Car -1 -1 -4.1706 205.6218 182.0670 321.5627 233.0328 1.4902 1.6272 3.7686 -10.8741 1.5452 22.7513 -4.6094 6.8517
101 Car -1 -1 -7.9873 687.6818 174.1941 761.5835 231.6991 1.5369 1.6376 3.6614 3.3762 1.3687 20.7491 -7.8267 6.1175
101 Car -1 -1 -8.3159 909.5925 176.4631 1223.0000 369.0000 1.5271 1.5606 3.3278 3.2783 1.5109 4.6642 -7.7326 4.8273
101 Car -1 -1 -7.9450 676.1258 175.9467 726.9043 216.9844 1.4798 1.5968 3.7773 3.6442 1.3158 27.4152 -7.8127 3.7346
101 Car -1 -1 -7.9104 661.2211 174.5028 700.8831 209.4027 1.5037 1.5845 3.7819 3.4074 1.2455 32.3917 -7.8050 3.2198
101 Car -1 -1 -7.7101 656.6343 170.1477 697.3340 203.2402 1.6796 1.6522 3.7203 3.8884 1.1544 37.8926 -7.6070 1.5021
101 Car -1 -1 -4.6003 566.0522 173.0697 587.7399 191.3395 1.6770 1.6061 4.0382 -2.6098 0.9948 66.9731 -4.6374 0.8733
101 Car -1 -1 -5.1935 633.5024 173.6597 687.6057 199.5345 1.5497 1.6195 4.2400 3.4361 1.1401 44.6135 -5.1155 -0.7845
102 Car -1 -1 -8.2279 786.7774 171.4624 1047.2920 331.4123 1.5553 1.5937 3.5718 3.4430 1.4678 8.6661 -7.8604 8.0332
102 Car -1 -1 -8.0518 721.0411 176.4505 835.2703 259.0944 1.4929 1.5833 3.4261 3.3667 1.4202 14.5066 -7.8269 7.5769
102 Car -1 -1 -4.1396 170.0949 182.2956 299.8350 237.4117 1.4843 1.5864 3.8415 -10.9452 1.5434 21.1632 -4.6091 7.2933
102 Car -1 -1 -8.0134 688.6445 174.0156 769.9327 234.3911 1.5346 1.6440 3.7220 3.3409 1.3701 19.8375 -7.8475 5.9144
102 Car -1 -1 -7.9790 677.6041 174.8173 734.0416 218.7408 1.5214 1.6166 3.6867 3.6522 1.3248 26.3444 -7.8412 4.8963
102 Car -1 -1 -8.3985 966.1825 174.2291 1223.0000 369.0000 1.4987 1.5268 3.4698 3.2436 1.4831 3.6412 -7.7110 4.7127
102 Car -1 -1 -7.9170 661.9500 174.9334 703.8005 210.0833 1.4668 1.6028 3.7656 3.3802 1.2347 31.4216 -7.8092 3.7965
102 Car -1 -1 -7.8624 660.4077 169.9648 694.8292 203.8144 1.6728 1.6959 3.8546 3.7562 1.1523 36.9399 -7.7602 2.6800
102 Car -1 -1 -4.5186 560.7849 173.5580 586.2133 191.4462 1.5725 1.5948 3.8199 -2.8082 0.9621 64.1624 -4.5604 1.5997
102 Car -1 -1 -4.9345 645.9215 172.8075 686.6973 199.6019 1.5721 1.6499 4.0365 3.7177 1.1208 43.5947 -4.8484 -1.2792
103 Car -1 -1 -4.1300 130.1374 182.3127 271.2814 243.0727 1.5047 1.5883 3.6914 -11.0258 1.5599 19.5244 -4.6354 7.4871
103 Car -1 -1 -8.0423 729.3647 176.9601 850.9910 266.0305 1.4833 1.5682 3.5109 3.3519 1.4247 13.5668 -7.8038 7.4564
103 Car -1 -1 -8.2990 800.2192 172.0097 1125.3240 356.3562 1.5350 1.6184 3.5972 3.4435 1.4647 7.7156 -7.8925 7.4502
103 Car -1 -1 -7.9889 695.8163 175.9208 775.7529 239.0881 1.5157 1.5873 3.5866 3.3321 1.4062 18.7890 -7.8146 6.5587
103 Car -1 -1 -7.9631 680.4599 174.5606 738.1931 219.9099 1.5003 1.6034 4.0177 3.6370 1.3041 25.4262 -7.8211 4.6336
103 Car -1 -1 -7.9375 662.6426 175.3509 707.3136 211.2442 1.4471 1.5787 3.9210 3.3608 1.2397 30.4866 -7.8271 3.9284
103 Car -1 -1 -4.5871 557.6373 172.8072 582.0909 192.7260 1.6728 1.6353 3.9525 -3.0039 1.0267 61.4143 -4.6341 2.4873
103 Car -1 -1 -7.8950 662.0660 170.1145 698.5485 205.3544 1.6910 1.6730 4.0103 3.7615 1.1928 35.9824 -7.7901 2.4177
103 Car -1 -1 -8.5331 1054.6493 191.4709 1223.0000 369.0000 1.4709 1.5248 3.5638 3.1583 1.5389 2.4662 -7.6841 1.9930
103 Car -1 -1 -4.8121 657.0386 174.5968 691.1811 201.2050 1.5168 1.6519 3.8042 4.0700 1.1804 42.2099 -4.7150 -1.5789
104 Car -1 -1 -8.0599 741.3608 178.6586 879.4374 276.3289 1.4838 1.5914 3.5511 3.4225 1.4563 12.5586 -7.7985 8.0441
104 Car -1 -1 -8.3146 828.9535 172.4564 1219.2877 369.0000 1.5587 1.6028 3.4433 3.3982 1.5034 6.6275 -7.8582 7.8221
104 Car -1 -1 -8.0064 701.1999 175.9062 788.6027 243.7124 1.5309 1.5966 3.5513 3.3620 1.4275 17.7641 -7.8210 6.9960
104 Car -1 -1 -4.0676 77.7062 184.9963 243.7149 252.5860 1.5003 1.5731 3.7848 -11.0879 1.6270 17.9165 -4.6122 6.7375
104 Car -1 -1 -7.9618 684.1851 176.3660 742.5461 224.1208 1.5124 1.5743 3.6447 3.6062 1.3818 24.2445 -7.8143 6.1655
104 Car -1 -1 -7.9156 664.9218 176.4899 710.4288 215.0456 1.5015 1.6354 3.9025 3.3621 1.3456 29.5267 -7.8018 3.8837
104 Car -1 -1 -4.5824 554.0454 177.7251 579.9542 195.9708 1.4603 1.6351 4.0101 -3.1053 1.2382 58.6524 -4.6334 0.0722
104 Car -1 -1 -5.2078 1013.4207 150.4239 1079.8726 178.2000 1.6309 1.6827 4.2407 27.4006 -0.1503 44.0417 -4.6527 -0.3052
104 Car -1 -1 -7.8049 671.2512 160.2094 690.3643 178.8627 1.7838 1.6852 4.0351 7.5691 -0.1675 70.1157 -7.6960 -0.7527
104 Car -1 -1 -8.1504 787.3362 176.3980 858.7093 217.1210 1.4593 1.6296 3.5466 8.2414 1.3125 27.1124 -7.8570 -2.0306
105 Car -1 -1 -8.0759 748.4808 180.9599 901.5932 288.4386 1.4783 1.5721 3.4987 3.3447 1.4874 11.5302 -7.7992 7.4925
105 Car -1 -1 -8.3605 865.0103 173.3169 1223.0000 369.0000 1.5658 1.5501 3.5403 3.4151 1.5272 5.6254 -7.8376 6.9547
105 Car -1 -1 -4.0234 17.2627 186.8173 211.3186 261.6293 1.4862 1.6068 3.7968 -11.1413 1.6501 16.3480 -4.6110 6.7712
105 Car -1 -1 -8.0167 704.3505 178.6403 797.9830 249.4615 1.4979 1.5760 3.5616 3.3019 1.4589 16.7576 -7.8241 6.2486
105 Car -1 -1 -7.9828 686.9708 177.9788 751.1979 228.4144 1.5246 1.6017 3.6667 3.6289 1.4486 23.2259 -7.8283 5.9412
105 Car -1 -1 -7.9299 666.4907 177.6041 715.4500 217.5774 1.4999 1.6542 3.8653 3.3691 1.3915 28.4963 -7.8119 5.0782
105 Car -1 -1 -7.8625 664.3334 170.1352 700.8560 209.6926 1.7819 1.6395 4.0793 3.6829 1.3152 33.9613 -7.7538 1.6854
105 Car -1 -1 -4.5154 546.8656 177.1403 577.9587 196.0673 1.4373 1.6534 4.2223 -3.3157 1.1822 55.9001 -4.5726 1.4525
105 Car -1 -1 -4.5941 883.6913 165.9654 925.0967 194.2550 1.4916 1.6466 4.2633 16.7719 0.7254 39.5403 -4.1942 -0.6682
105 Car -1 -1 -4.7174 662.5769 176.6696 692.6643 204.6826 1.5175 1.6245 3.8116 4.1112 1.3102 40.2784 -4.6149 -0.9053
105 Car -1 -1 -8.3212 842.8082 150.4823 897.7103 180.9462 1.8357 1.6868 3.8344 16.6568 0.0270 44.6043 -7.9643 -1.6248
