0 Car -1 -1 -6.3161 273.3538 169.0438 421.3020 224.8508 1.3846 1.5147 3.5804 -6.8816 1.1007 18.9027 -6.6579 -1.4509
0 Car -1 -1 -7.7704 163.5814 163.8408 253.2074 229.5358 1.4353 1.5836 3.7056 -9.7096 1.0717 17.4626 -8.2682 -2.1793
1 Car -1 -1 -2.8861 459.8126 169.8570 569.6085 205.7029 1.4727 1.6001 4.3786 -3.8339 1.0357 30.1299 -3.0095 -1.1451
1 Car -1 -1 -5.9046 457.6321 170.7566 553.0048 202.3514 1.4317 1.5846 4.1583 -4.6987 0.9904 33.3062 -6.0416 -1.1500
1 Car -1 -1 -7.7710 176.2546 167.9190 228.9570 205.3715 1.4964 1.6277 3.8603 -17.2161 0.9939 30.3432 -8.2807 -1.8987
1 Car -1 -1 -2.1796 99.6201 163.1521 265.9707 227.0718 1.4370 1.6174 3.8710 -10.4647 1.0473 17.4396 -2.7100 -1.9486
2 Car -1 -1 -5.2150 128.5020 163.8096 226.3839 204.0021 1.5519 1.6686 4.1440 -17.6269 0.9077 29.0675 -5.7533 -1.0177
2 Car -1 -1 -7.7677 177.9025 163.7795 260.6074 224.4011 1.4134 1.5421 3.7761 -10.0275 1.0239 18.5239 -8.2547 -1.9559
3 Car -1 -1 -2.4932 91.2065 163.8527 293.0902 224.2460 1.4529 1.6843 4.3523 -10.5484 1.0528 18.1293 -3.0105 -1.2775
4 Car -1 -1 -3.7809 0.0000 169.3857 84.4163 219.0014 1.4810 1.5784 3.7321 -19.4518 1.1496 23.1059 -4.4720 -1.1886
4 Car -1 -1 -2.7863 464.8377 168.6901 560.8770 201.3539 1.4774 1.6180 4.1759 -4.3322 0.9434 33.2412 -2.9128 -1.3783
5 Car -1 -1 -6.0734 477.8196 168.4125 577.1581 204.0502 1.4632 1.5273 3.9571 -3.2751 0.9672 29.9957 -6.1791 0.3257
5 Car -1 -1 -2.7869 471.0660 169.0515 568.3533 201.7371 1.4775 1.6149 4.2454 -4.0121 0.9601 33.2444 -2.9040 -1.6013
5 Car -1 -1 -7.7499 0.0000 163.6829 39.9022 204.5311 1.4854 1.6151 3.8930 -23.4669 0.8741 27.7775 -8.4438 -1.6127
6 Car -1 -1 -2.9544 131.4512 170.3966 268.7175 211.5876 1.4493 1.6031 4.2018 -14.9556 1.0940 26.3034 -3.4643 -1.9961
6 Car -1 -1 -4.1507 282.1592 167.2099 411.8789 228.6242 1.4034 1.5041 3.3861 -6.4639 1.1001 17.9752 -4.4883 -2.0179
6 Car -1 -1 -2.8177 0.0000 158.1915 57.0277 193.8297 1.5903 1.6891 4.1366 -28.4848 0.5950 33.1029 -3.5216 -2.1294
8 Car -1 -1 -3.9425 0.0000 118.3815 292.7366 369.0000 1.7760 1.6598 3.9285 -4.8051 1.3949 6.4104 -4.5602 -0.3399
9 Car -1 -1 -2.1076 0.0000 158.8763 73.5541 206.9368 1.5407 1.6974 4.1814 -20.5271 0.8478 24.1600 -2.8034 -1.6784
9 Car -1 -1 -3.8534 0.0000 114.9522 260.7267 369.0000 1.6723 1.5983 3.6440 -4.9606 1.2885 6.0902 -4.5095 -2.0898
10 Car -1 -1 -7.5683 0.0000 133.4270 237.3099 350.1524 1.6469 1.6838 3.9795 -5.2884 1.2896 7.5237 -8.1591 -0.5546
10 Car -1 -1 -5.7068 509.3761 163.8765 596.0190 194.8650 1.5058 1.6366 4.1971 -2.7056 0.6982 36.0883 -5.7790 -1.7966
10 Car -1 -1 -7.8033 535.0480 150.1054 565.9716 179.5902 1.6807 1.6450 3.9120 -3.2342 -0.0570 42.4007 -7.8768 -2.1236
11 Car -1 -1 -2.0748 0.0000 155.5883 71.3472 205.0096 1.5791 1.7081 4.2314 -20.5676 0.7834 24.1523 -2.7717 -1.1407
12 Car -1 -1 -7.5677 0.0000 131.3644 238.8317 352.3396 1.6600 1.6811 4.0829 -5.2720 1.2913 7.5110 -8.1579 0.1670
12 Car -1 -1 -3.0430 0.0000 154.2354 40.8581 197.2892 1.5415 1.6254 4.0359 -24.3226 0.6014 27.1540 -3.7655 -1.2070
12 Car -1 -1 -6.3065 249.8645 167.8307 409.7022 226.9257 1.4190 1.5662 3.7262 -7.1381 1.1151 18.4036 -6.6687 -1.3920
12 Car -1 -1 -7.8539 181.4204 165.2215 258.5190 229.5533 1.4805 1.5950 3.7423 -9.9672 1.1292 18.2975 -8.3435 -1.4530
12 Car -1 -1 -2.8374 0.0000 159.8775 55.7225 195.5161 1.5890 1.6748 4.0239 -28.4522 0.6697 33.0786 -3.5410 -2.1754
13 Car -1 -1 -3.0397 0.0000 154.5150 37.0824 196.4198 1.4997 1.6076 3.9766 -24.4107 0.5700 27.1180 -3.7648 -1.3385
13 Car -1 -1 -7.7910 533.0261 148.2450 564.4552 177.8293 1.6766 1.6274 3.9105 -3.3390 -0.1675 42.3914 -7.8669 -1.5443
13 Car -1 -1 -3.4915 0.0000 111.8980 269.4402 369.0000 1.7249 1.6492 4.0161 -5.3718 1.3281 6.2418 -4.1751 -1.9680
14 Car -1 -1 -2.5037 122.4602 172.9878 355.8877 255.3909 1.3975 1.5871 3.6164 -6.7408 1.2705 13.0856 -2.9675 -0.4552
14 Car -1 -1 -7.0797 119.0423 162.5313 228.2745 202.6451 1.5659 1.6457 3.9012 -18.0065 0.8647 29.6890 -7.6182 -0.8423
14 Car -1 -1 -2.4492 520.0122 154.1308 591.3866 184.8035 1.4932 1.5708 3.4153 -2.5502 0.2097 36.0564 -2.5172 -1.1749
15 Car -1 -1 -7.2992 0.0000 144.9239 263.2065 345.5089 1.6047 1.6494 3.9434 -5.4642 1.3205 7.6619 -7.8972 -1.4802
16 Car -1 -1 -8.0184 154.8436 168.4164 255.9066 231.9554 1.4451 1.6457 3.9659 -10.3700 1.1706 18.1437 -8.5281 -1.1961
16 Car -1 -1 -7.8888 242.2757 155.6176 314.2844 219.3851 1.5266 1.5995 3.6366 -8.8225 0.9312 18.9109 -8.3168 -1.2230
17 Car -1 -1 -5.8472 469.3147 161.7773 558.0068 191.0946 1.4695 1.6063 4.3123 -4.7722 0.5312 36.8629 -5.9729 -2.0134
18 Car -1 -1 -7.0671 119.1254 162.3421 223.7023 202.6829 1.5782 1.6223 3.6444 -18.0773 0.8680 29.6253 -7.6083 -0.8422
18 Car -1 -1 -4.7201 243.1533 165.0100 338.6057 248.5967 1.4782 1.5829 4.1428 -6.5631 1.2046 14.7180 -5.1296 -1.1223
18 Car -1 -1 -4.4438 84.9145 164.5730 184.2269 219.3134 1.5819 1.6050 3.9800 -14.9031 1.1219 22.5717 -5.0189 -2.0228
18 Car -1 -1 -7.9830 533.2113 148.5298 572.2466 179.8485 1.6125 1.6356 3.8905 -2.9134 -0.0373 38.5602 -8.0557 -2.1051
19 Car -1 -1 -2.3705 93.7932 164.6480 290.3442 229.3537 1.5454 1.7187 4.4732 -10.6767 1.1671 18.2767 -2.8897 -1.1436
19 Car -1 -1 -3.0622 0.0000 152.0592 39.1899 195.0901 1.5385 1.6160 4.0235 -24.3482 0.5219 27.1341 -3.7856 -1.2782
19 Car -1 -1 -8.2424 533.9260 148.7233 580.1891 177.1491 1.6191 1.5907 3.4630 -2.9393 -0.2110 42.6285 -8.3086 -2.0624
20 Car -1 -1 -2.0534 0.0000 158.7444 70.8290 208.7582 1.5952 1.7119 4.1531 -20.5121 0.9016 24.1364 -2.7493 -1.8227
20 Car -1 -1 -5.5266 0.0000 136.3697 289.1793 348.2797 1.6869 1.6894 4.0326 -5.4108 1.3360 6.6705 -6.1830 -1.9808
21 Car -1 -1 -4.3961 92.6535 164.3522 191.0067 214.6329 1.5003 1.5952 3.6608 -15.0090 1.0187 23.0682 -4.9646 -2.1465
22 Car -1 -1 -3.0246 0.0000 154.1446 38.6784 196.5030 1.5197 1.6091 3.9512 -24.3728 0.5744 27.1543 -3.7482 -1.1481
22 Car -1 -1 -2.0691 108.5156 165.7980 267.1372 231.0344 1.4646 1.6569 4.1281 -10.4983 1.1349 17.6532 -2.5957 -1.1547
22 Car -1 -1 -2.2539 0.0000 160.4426 71.4944 210.0185 1.5857 1.6877 3.8812 -20.4129 0.9445 23.8063 -2.9542 -1.5774
22 Car -1 -1 -7.6251 120.1507 162.3465 189.8870 202.5826 1.5760 1.6376 3.7746 -18.8554 0.8652 29.7452 -8.1833 -1.9227
22 Car -1 -1 -5.1186 0.0000 137.5626 272.1476 368.4925 1.6713 1.6930 3.9227 -5.2714 1.3610 6.8419 -5.7508 -2.1588
23 Car -1 -1 -2.6636 450.9725 166.7211 537.6520 195.9901 1.4819 1.6254 4.2404 -5.8415 0.7844 37.2455 -2.8160 -0.0082
23 Car -1 -1 -2.0696 108.0055 166.0978 266.3476 231.7995 1.4761 1.6576 4.1108 -10.5171 1.1529 17.6590 -2.5969 -1.0558
23 Car -1 -1 -5.9669 367.9217 171.2616 461.5866 202.5258 1.4866 1.6095 4.1234 -9.2693 1.0475 34.5438 -6.2249 -1.1845
23 Car -1 -1 -3.0796 0.0000 154.3185 36.2186 196.1636 1.4959 1.5979 3.9104 -24.3582 0.5602 27.1073 -3.8037 -1.9128
23 Car -1 -1 -2.8742 0.0000 159.9178 52.8229 194.7388 1.5491 1.6211 3.8725 -28.4227 0.6336 33.0082 -3.5783 -1.9974
24 Car -1 -1 -7.7003 144.9282 165.6834 205.7336 203.5525 1.4983 1.6268 3.7579 -18.1815 0.9123 30.0213 -8.2382 -1.6384
24 Car -1 -1 -4.6754 239.5231 163.6645 311.4367 224.3424 1.4618 1.5838 3.8198 -8.8369 1.0566 19.1014 -5.1004 -1.7863
25 Car -1 -1 -8.0433 55.3350 160.6322 128.5435 203.9112 1.5375 1.6084 3.7208 -19.6448 0.8319 26.9818 -8.6650 -2.1041
26 Car -1 -1 -2.7781 388.8322 172.4830 474.6997 203.1712 1.4524 1.5867 3.7499 -8.4368 1.0732 34.4893 -3.0140 -1.0076
26 Car -1 -1 -4.0886 108.0840 162.6323 211.9304 204.6142 1.6100 1.6540 3.8666 -18.2061 0.9250 29.1030 -4.6407 -1.3114
26 Car -1 -1 -5.7766 440.5125 166.9086 520.6807 195.4637 1.4547 1.5592 3.9132 -6.5912 0.7624 37.3992 -5.9477 -1.7204
27 Car -1 -1 -5.7430 432.6230 164.8829 519.4485 194.3766 1.5043 1.6064 4.3336 -6.8720 0.7079 37.5828 -5.9204 -0.1339
27 Car -1 -1 -3.9189 271.4209 167.2823 407.2958 227.2075 1.3823 1.4174 3.1423 -6.7095 1.0778 18.0331 -4.2674 -1.3386
27 Car -1 -1 -3.0865 0.0000 154.3656 37.8263 196.6840 1.5124 1.6069 3.9754 -24.3469 0.5786 27.1311 -3.8100 -1.8556
28 Car -1 -1 -2.0881 0.0000 155.6752 71.0417 205.4514 1.5892 1.7116 4.2310 -20.5733 0.7969 24.1123 -2.7859 -1.1909
28 Car -1 -1 -2.0847 108.2767 162.3937 268.3088 227.9483 1.4696 1.6552 4.0845 -10.4500 1.0640 17.5986 -2.6106 -1.5370
28 Car -1 -1 -7.5207 0.0000 149.6143 248.9940 352.6286 1.5637 1.6430 4.3488 -5.3747 1.3263 7.7565 -8.1056 -1.8190
28 Car -1 -1 -2.3020 341.0638 159.5083 444.1624 202.9763 1.4622 1.5841 3.5517 -7.6769 0.7563 25.3893 -2.5901 -1.9224
28 Car -1 -1 -2.8398 0.0000 160.0462 55.0724 195.3570 1.5731 1.6731 3.9877 -28.4371 0.6621 33.0482 -3.5436 -1.9519
29 Car -1 -1 -7.9877 228.6383 167.2903 283.2560 204.8986 1.4486 1.5642 3.6241 -14.4718 0.9400 29.1762 -8.4419 -0.5176
29 Car -1 -1 -7.9914 481.4900 152.8867 524.7384 187.0561 1.6832 1.6879 4.1848 -5.4133 0.3231 37.0738 -8.1332 -1.7931
30 Car -1 -1 -2.6766 415.7270 162.4132 501.8962 192.2776 1.5419 1.6393 4.2339 -7.8269 0.6082 37.8500 -2.8769 -0.0494
30 Car -1 -1 -7.5022 0.0000 133.1205 237.3019 354.9133 1.6979 1.6642 3.9898 -5.4078 1.3356 7.5507 -8.1019 -0.2619
31 Car -1 -1 -2.6484 457.2082 166.9399 542.1623 195.6188 1.4454 1.5806 4.1561 -5.5385 0.7621 37.0864 -2.7935 0.3294
31 Car -1 -1 -4.6445 413.0743 179.5323 463.5435 219.1943 1.4029 1.6040 3.8527 -6.3315 1.3689 27.0375 -4.8702 -2.0296
32 Car -1 -1 -2.5699 448.9158 164.5568 535.7167 194.0884 1.4930 1.6581 4.3244 -5.9804 0.6871 37.3788 -2.7253 -1.4557
32 Car -1 -1 -7.7217 150.3672 161.7369 205.9232 200.0040 1.5186 1.5513 3.4565 -18.0344 0.7742 29.9530 -8.2570 -1.9734
33 Car -1 -1 -7.4951 570.0121 166.3639 633.8651 203.8110 1.5192 1.5956 3.6146 -0.0938 0.9460 30.6573 -7.4963 -0.8564
33 Car -1 -1 -2.7936 411.1638 173.3837 536.3768 213.1057 1.5182 1.6963 4.6177 -5.2310 1.2464 28.2468 -2.9729 -1.8331
33 Car -1 -1 -6.0136 466.4067 169.9795 570.8511 206.2724 1.4855 1.5929 4.1292 -3.6600 1.0551 30.0389 -6.1318 -1.8979
33 Car -1 -1 -7.7404 348.2083 146.3134 387.6349 180.7458 1.8519 1.6730 3.9098 -13.4041 0.0134 40.1113 -8.0584 -1.9271
33 Car -1 -1 -4.4151 492.6351 174.4377 543.1467 203.6750 1.4360 1.5602 3.7682 -4.4797 1.1384 36.7200 -4.5337 -2.0369
34 Car -1 -1 -4.4707 484.7673 172.1690 545.9623 210.8506 1.4687 1.5898 3.8537 -3.6066 1.1526 28.8547 -4.5920 -0.6276
34 Car -1 -1 -4.4628 495.5703 169.0675 540.6877 197.9917 1.4388 1.5076 3.5492 -4.5131 0.8702 37.0286 -4.5812 -1.9134
34 Car -1 -1 -8.1669 542.9829 149.1723 586.4959 177.1438 1.5962 1.5769 3.6754 -2.4918 -0.2127 42.8276 -8.2224 -2.1871
35 Car -1 -1 -2.7166 456.7546 157.2617 542.2004 187.8957 1.5542 1.6566 4.1373 -5.5606 0.3754 37.2400 -2.8616 -0.7811
35 Car -1 -1 -7.8536 183.6577 166.4323 258.3042 227.5689 1.4255 1.5644 3.7859 -10.0644 1.0978 18.5245 -8.3421 -1.0810
35 Car -1 -1 -4.6497 516.3173 155.7876 559.3795 194.8162 1.6015 1.6206 4.0691 -2.9125 0.5877 31.0690 -4.7402 -2.0186
36 Car -1 -1 -7.5333 0.0000 131.5952 238.7749 356.5628 1.7031 1.6833 4.0161 -5.3291 1.3333 7.5135 -8.1284 -1.0931
36 Car -1 -1 -7.4835 119.9710 164.1617 198.6556 202.6405 1.5139 1.5795 3.6105 -18.6639 0.8713 29.7369 -8.0372 -2.0823
37 Car -1 -1 -3.1962 453.3721 148.3594 526.6390 179.4663 1.7299 1.7156 4.0755 -6.6483 -0.0612 40.6747 -3.3548 -0.7309
37 Car -1 -1 -4.6323 558.8942 169.9953 601.8448 208.1030 1.4496 1.4498 3.6863 -0.9748 1.0502 28.7713 -4.6639 -1.0963
38 Car -1 -1 -7.8054 66.0598 158.9313 125.0493 202.1343 1.5259 1.6201 3.6939 -19.3763 0.7644 26.9662 -8.4209 -0.7090
38 Car -1 -1 -2.1560 95.2319 163.7565 267.4769 229.5838 1.4783 1.6509 4.1760 -10.5689 1.1026 17.5342 -2.6884 -1.2525
38 Car -1 -1 -7.6927 0.0000 138.4319 237.2131 357.3054 1.6472 1.6774 4.0479 -5.0611 1.3311 7.5118 -8.2641 -1.5963
38 Car -1 -1 -3.0792 0.0000 155.3674 35.9411 197.5057 1.5045 1.6055 3.9567 -24.3884 0.6074 27.0944 -3.8042 -1.9541
39 Car -1 -1 -1.8334 47.6536 163.5635 127.2836 205.0020 1.4683 1.5905 3.5264 -19.6613 0.8684 26.7822 -2.4591 0.1912
39 Car -1 -1 -7.7426 150.8336 161.8310 205.0131 199.4547 1.4902 1.5660 3.4504 -18.0132 0.7510 29.8992 -8.2781 -2.0984
40 Car -1 -1 -8.2866 552.5026 169.0930 629.3000 208.7128 1.5062 1.6261 3.9767 -0.6834 1.0728 29.0228 -8.3081 -0.7567
40 Car -1 -1 -8.0047 164.4806 168.6122 260.9070 231.2462 1.4183 1.6183 3.7224 -10.0856 1.1495 17.9813 -8.5064 -1.6682
40 Car -1 -1 -7.2144 86.4873 151.4597 198.7517 195.9839 1.6559 1.6812 4.0237 -18.4212 0.5761 28.3625 -7.7833 -1.6975
40 Car -1 -1 -7.4940 0.0000 132.4491 261.5257 359.0100 1.6914 1.6774 3.8316 -5.0149 1.3331 7.3304 -8.0719 -1.8381
40 Car -1 -1 -2.9963 250.0089 170.2558 407.6304 224.5332 1.3564 1.5463 3.7149 -7.2635 1.1007 18.8210 -3.3570 -1.9652
41 Car -1 -1 -7.5043 0.0000 130.8179 251.4241 362.3914 1.7348 1.6588 3.7556 -5.0888 1.3630 7.3163 -8.0899 -2.0874
41 Car -1 -1 -6.1037 526.4099 167.2547 632.2040 203.3900 1.4697 1.6311 4.2427 -1.0741 0.9312 29.8715 -6.1374 -2.1238
43 Car -1 -1 -7.6809 589.2977 164.3874 642.7141 203.7633 1.5145 1.5911 3.6482 0.4886 0.8950 29.1370 -7.6624 -0.7481
43 Car -1 -1 -8.8633 1088.4811 184.4158 1223.0000 369.0000 1.5076 1.5920 3.6309 3.2978 1.5287 1.8828 -7.8804 -1.7082
43 Car -1 -1 -7.1559 0.0000 149.9826 102.2439 186.2950 1.6844 1.6727 4.2039 -27.2478 0.2690 34.9318 -7.8118 -2.1496
44 Car -1 -1 -7.3312 0.0000 133.6946 251.2677 352.3911 1.6925 1.6562 3.9261 -5.4748 1.3307 7.4987 -7.9398 -0.7734
44 Car -1 -1 -5.2466 1130.4741 193.2600 1223.0000 369.0000 1.4394 1.5155 3.3339 2.7563 1.5059 1.8325 -4.3378 -1.1850
45 Car -1 -1 -7.8359 179.3564 165.3571 256.4608 226.9568 1.4308 1.6074 3.8190 -10.0824 1.0794 18.4894 -8.3259 -0.8909
46 Car -1 -1 -7.7343 155.4726 163.0549 208.3262 201.6486 1.5367 1.5100 3.3986 -17.9161 0.8423 30.0131 -8.2659 -0.8192
46 Car -1 -1 -7.6453 0.0000 137.2791 244.0164 359.9456 1.6790 1.6954 4.0440 -5.0835 1.3535 7.5228 -8.2182 -1.4930
46 Car -1 -1 -2.6617 482.7954 162.7943 574.6646 193.2570 1.5080 1.6536 4.4695 -3.9673 0.6317 36.5894 -2.7668 -1.6173
46 Car -1 -1 -8.1269 211.9865 167.3692 281.2574 205.6027 1.4590 1.5952 3.7126 -14.7125 0.9582 28.8920 -8.5916 -1.7703
47 Car -1 -1 -5.8713 483.7766 161.9497 576.3225 192.0128 1.4934 1.6428 4.4802 -3.8889 0.5721 36.5864 -5.9743 -1.2130
47 Car -1 -1 -6.0455 409.7390 176.3258 534.8030 217.0507 1.4412 1.6233 4.2479 -4.8420 1.2937 25.9529 -6.2260 -1.4102
47 Car -1 -1 -1.9041 0.0000 158.5952 74.5310 193.0225 1.5983 1.6912 4.1081 -27.9060 0.5816 34.6403 -2.5758 -1.8385
47 Car -1 -1 -7.5018 0.0000 130.3853 254.0519 361.8295 1.7371 1.6724 3.7792 -5.0831 1.3614 7.3377 -8.0855 -2.0741
48 Car -1 -1 -5.7943 487.2767 165.0623 574.4879 195.1004 1.4868 1.6300 4.2124 -3.8508 0.7229 36.5471 -5.8965 -1.4427
48 Car -1 -1 -7.9409 60.4870 155.1247 110.2079 190.2019 1.6058 1.6440 3.7428 -25.2742 0.4443 34.3194 -8.5692 -1.6830
49 Car -1 -1 -2.8073 464.4818 168.9609 565.0621 201.4209 1.4680 1.6090 4.4046 -4.2379 0.9463 33.2228 -2.9311 -0.8427
49 Car -1 -1 -5.7646 455.9642 163.9702 547.1658 194.6584 1.5384 1.6533 4.5016 -5.4387 0.7099 37.0384 -5.9073 -1.2214
50 Car -1 -1 -5.8082 482.7229 161.3949 575.7565 192.3338 1.5295 1.6510 4.5284 -3.9361 0.5852 36.5421 -5.9126 -0.5856
51 Car -1 -1 -2.6294 451.2220 165.3548 544.6301 196.1545 1.5496 1.6710 4.6342 -5.6498 0.7878 37.1793 -2.7770 -0.2449
51 Car -1 -1 -6.3537 319.3616 168.7197 460.6904 223.3445 1.3792 1.5216 3.5427 -5.8645 1.0821 19.1889 -6.6437 -1.4393
51 Car -1 -1 -5.9866 481.5821 167.0012 575.0924 199.0550 1.4532 1.6461 4.0683 -3.5989 0.8414 33.2499 -6.0915 -1.9826
52 Car -1 -1 -2.7028 466.9922 167.8205 551.8979 197.0595 1.4716 1.6312 4.0974 -5.0053 0.8336 36.9830 -2.8343 -0.4150
52 Car -1 -1 -2.4859 0.0000 163.1932 55.5516 202.9575 1.5128 1.6254 3.6753 -24.1325 0.8546 27.8052 -3.1930 -1.3012
52 Car -1 -1 -7.5303 0.0000 133.2599 252.8773 355.4337 1.7133 1.6683 3.7047 -5.1030 1.3495 7.4553 -8.1088 -2.0442
53 Car -1 -1 -4.3290 82.1014 165.7694 194.3077 217.2204 1.5072 1.6302 3.9432 -14.9228 1.0760 22.8013 -4.9002 -0.8017
53 Car -1 -1 -2.7373 456.5521 168.3707 545.2254 199.9868 1.4350 1.5848 3.8239 -4.9153 0.8847 33.3519 -2.8804 -1.0543
53 Car -1 -1 -3.7968 0.0000 168.7534 85.9485 218.0342 1.4714 1.5821 3.8108 -19.4537 1.1210 23.1448 -4.4871 -1.1904
53 Car -1 -1 -5.8634 479.7374 163.5649 567.4362 193.3772 1.4850 1.6421 4.2121 -4.2270 0.6416 36.6392 -5.9753 -1.2710
54 Car -1 -1 -5.9248 482.3352 163.4392 569.3923 193.4539 1.5060 1.6781 4.1813 -4.1182 0.6501 36.8067 -6.0334 -1.1930
54 Car -1 -1 -2.7237 454.9978 169.9830 550.1198 201.5906 1.4306 1.6157 4.1415 -4.8384 0.9548 33.3448 -2.8646 -1.6407
54 Car -1 -1 -4.2751 436.2027 174.8835 494.1515 203.4027 1.4467 1.5547 3.8534 -7.4466 1.1620 37.9253 -4.4656 -2.0487
55 Car -1 -1 -2.7132 451.0231 163.4498 548.6019 195.7012 1.6227 1.7918 4.7507 -5.5222 0.7650 37.0986 -2.8579 -0.9613
55 Car -1 -1 -4.2782 292.2205 166.5517 408.4358 225.3880 1.3816 1.4885 3.4974 -6.5378 1.0544 18.4175 -4.6118 -1.0434
55 Car -1 -1 -2.8397 0.0000 159.1084 53.5041 193.5397 1.5352 1.6148 3.8805 -28.4224 0.5816 33.0273 -3.5436 -1.1594
55 Car -1 -1 -7.7123 0.0000 138.9002 235.5936 361.1724 1.6890 1.6811 4.0220 -5.0656 1.3733 7.5511 -8.2819 -1.1678
55 Car -1 -1 -2.7129 459.1367 167.1117 554.7441 199.6652 1.4725 1.6428 4.1649 -4.6371 0.8671 33.3710 -2.8478 -2.0030
55 Car -1 -1 -1.9991 120.9824 166.3435 266.4150 230.3494 1.4428 1.6233 4.1006 -10.4464 1.1241 17.7920 -2.5202 -2.0892
56 Car -1 -1 -6.2015 540.9568 169.3519 643.8013 204.6064 1.4353 1.5956 4.2047 -0.5089 0.9817 29.7216 -6.2166 -0.9257
56 Car -1 -1 -7.5332 143.3875 162.9463 215.3404 200.8631 1.5066 1.5639 3.5209 -17.9776 0.8093 29.9802 -8.0667 -1.4534
57 Car -1 -1 -2.0542 0.0000 158.6449 69.6456 207.8247 1.5681 1.7074 4.1768 -20.5554 0.8716 24.1291 -2.7513 -1.6541
57 Car -1 -1 -2.6909 461.0909 161.1745 552.5669 192.2689 1.5618 1.7028 4.4468 -5.1479 0.5913 37.0118 -2.8260 -1.9819
57 Car -1 -1 -7.6381 522.4999 148.1485 565.8292 179.6124 1.6318 1.5967 3.7204 -3.2936 -0.0510 38.7299 -7.7201 -2.0990
58 Car -1 -1 -7.5426 518.0398 143.7516 568.4941 175.8040 1.6308 1.6343 3.8607 -3.3281 -0.2703 38.6450 -7.6256 -0.9190
58 Car -1 -1 -7.8730 187.8015 167.2529 262.9992 229.4053 1.4408 1.5725 3.7138 -9.9243 1.1341 18.3963 -8.3586 -1.2678
60 Car -1 -1 -7.2452 0.0000 128.2811 284.1612 369.0000 1.7124 1.6170 3.7083 -4.8056 1.3497 6.7835 -7.8376 -0.9061
61 Car -1 -1 -7.5128 0.0000 131.0652 251.0871 359.5613 1.7103 1.6655 3.6943 -5.0600 1.3407 7.2857 -8.0976 -2.0814
62 Car -1 -1 -7.4817 0.0000 132.4962 277.5890 365.0216 1.7081 1.6315 3.8925 -4.8033 1.3559 7.2592 -8.0443 -0.8576
62 Car -1 -1 -7.7469 152.8553 161.5184 204.9677 198.9697 1.4858 1.5089 3.4437 -17.9928 0.7329 29.9293 -8.2815 -1.8321
62 Car -1 -1 -4.3298 0.0000 158.4649 53.5482 203.5855 1.5530 1.6604 4.1607 -22.6390 0.7949 26.5714 -5.0276 -2.1087
63 Car -1 -1 -4.0034 0.0000 115.8245 290.0739 369.0000 1.7822 1.6761 4.1394 -4.7843 1.3974 6.3470 -4.6236 -1.2200
63 Car -1 -1 -2.7369 366.9818 169.7614 470.6167 202.0799 1.5254 1.6845 4.6091 -9.0837 1.0187 34.5526 -2.9899 -1.5671
63 Car -1 -1 -2.8503 0.0000 158.5399 55.5583 193.1684 1.5447 1.6132 3.9082 -28.3606 0.5653 33.0597 -3.5526 -1.7261
63 Car -1 -1 -8.0434 157.4203 164.8900 258.1826 227.7702 1.4333 1.5829 3.7398 -10.2523 1.0778 18.0589 -8.5502 -1.8411
64 Car -1 -1 -6.2758 268.5027 168.1440 419.9306 224.1936 1.3899 1.5476 3.6461 -6.9215 1.0838 18.8662 -6.6200 -1.2437
64 Car -1 -1 -4.7160 541.0725 173.1843 580.4102 210.8052 1.4359 1.5013 3.4269 -1.8313 1.1569 28.7441 -4.7771 -1.5892
64 Car -1 -1 -7.5901 0.0000 133.9364 244.5313 360.0144 1.6980 1.6822 3.9187 -5.1140 1.3487 7.4344 -8.1708 -1.7818
64 Car -1 -1 -5.8925 374.5951 165.7477 470.0011 196.5917 1.4620 1.5978 4.2334 -8.9287 0.7629 34.6052 -6.1409 -1.8138
64 Car -1 -1 -4.9638 575.8250 171.8430 638.6890 213.4807 1.4390 1.5145 3.4650 -0.0129 1.1401 26.3014 -4.9625 -2.0834
65 Car -1 -1 -7.9027 180.4678 167.4702 258.0992 230.0335 1.4488 1.6062 3.8760 -10.1729 1.1474 18.4480 -8.3974 -0.5132
65 Car -1 -1 -2.7819 375.9795 171.8574 465.5453 202.6709 1.4598 1.5741 3.9265 -8.9719 1.0505 34.4933 -3.0323 -1.8397
66 Car -1 -1 -7.6265 0.0000 134.9458 236.0068 352.4551 1.6778 1.6725 3.9308 -5.2275 1.3268 7.5873 -8.2083 -0.5443
67 Car -1 -1 -7.4753 0.0000 129.6770 245.5709 357.5945 1.7384 1.6866 3.9424 -5.3335 1.3512 7.4998 -8.0716 -0.5004
67 Car -1 -1 -5.7947 508.9732 151.6869 598.5271 184.3072 1.5948 1.7033 4.2766 -2.6484 0.1863 36.2152 -5.8650 -1.7908
67 Car -1 -1 -2.9132 0.0000 158.1213 54.0842 193.3679 1.5622 1.6697 3.8715 -28.3129 0.5705 32.9642 -3.6161 -2.1051
67 Car -1 -1 -2.5907 81.9538 165.0094 289.1083 226.0767 1.4770 1.6538 4.3188 -10.6012 1.1027 17.9887 -3.1135 -2.1733
68 Car -1 -1 -7.6107 0.0000 133.9920 229.6350 356.9246 1.7181 1.6556 3.7644 -5.2622 1.3601 7.5005 -8.2008 -0.8071
68 Car -1 -1 -4.5482 92.5038 165.0373 175.2150 215.4996 1.4662 1.5815 3.6835 -14.9429 1.0172 22.5479 -5.1250 -1.9003
69 Car -1 -1 -4.4547 568.1414 167.9279 623.9924 203.8063 1.4559 1.5538 3.5702 -0.3509 0.9460 30.6132 -4.4642 0.2351
69 Car -1 -1 -7.4126 0.0000 133.6367 238.7240 353.7496 1.7164 1.6443 3.7959 -5.4848 1.3514 7.5215 -8.0207 -1.2693
70 Car -1 -1 -7.6019 148.3314 161.8139 213.9274 199.5245 1.4979 1.5053 3.6553 -17.9486 0.7559 30.0488 -8.1337 -0.3081
70 Car -1 -1 -4.2583 567.3006 163.6149 641.7292 201.8013 1.5380 1.6074 4.0466 0.0310 0.8581 30.6473 -4.2554 -0.3519
70 Car -1 -1 -4.2618 0.0000 127.8556 266.2406 369.0000 1.7051 1.6437 3.9232 -4.8077 1.3560 6.7540 -4.8564 -1.1050
70 Car -1 -1 -5.9514 370.8605 170.1961 464.7357 201.2620 1.4745 1.5991 4.1358 -9.1167 0.9856 34.5178 -6.2055 -1.2533
70 Car -1 -1 -7.7900 175.9427 168.6242 256.3675 229.0119 1.4010 1.5600 3.7688 -10.0669 1.1258 18.4417 -8.2805 -1.4405
70 Car -1 -1 -6.2818 356.3291 164.2946 441.4530 192.8916 1.4776 1.6084 4.2921 -11.0225 0.6404 37.8946 -6.5607 -2.0957
71 Car -1 -1 -3.9412 265.8846 168.5503 405.7155 230.5222 1.4071 1.4540 3.2118 -6.7092 1.1361 17.8168 -4.2935 -0.6322
71 Car -1 -1 -5.9213 375.0944 167.3549 470.5985 198.4632 1.4747 1.6049 4.2272 -8.8850 0.8517 34.5572 -6.1689 -1.3337
71 Car -1 -1 -6.3392 359.1465 165.3917 445.9341 195.1440 1.5354 1.6332 4.3980 -10.8911 0.7559 37.9759 -6.6144 -1.8522
71 Car -1 -1 -2.6841 0.0000 160.4133 56.6378 194.0029 1.5277 1.5938 3.5041 -28.3194 0.6143 33.3484 -3.3815 -1.8565
71 Car -1 -1 -4.3761 0.0000 135.8449 238.6490 369.0000 1.6266 1.6591 4.1182 -5.0849 1.3233 7.0137 -4.9800 -2.1308
72 Car -1 -1 -3.0647 514.8683 168.7232 623.2639 206.1197 1.4352 1.6348 4.1733 -1.3941 0.9834 28.0132 -3.1120 -0.6642
72 Car -1 -1 -7.8503 241.4691 165.0320 312.1596 224.8525 1.4552 1.5902 3.6535 -8.9097 1.0792 19.1917 -8.2766 -1.5722
72 Car -1 -1 -7.7594 151.2050 161.5469 203.0480 200.2762 1.5371 1.5379 3.4609 -18.0835 0.7851 29.9545 -8.2959 -1.5823
72 Car -1 -1 -3.2036 352.3512 171.5519 435.4131 199.8114 1.4520 1.6173 4.1677 -11.3053 0.9924 37.8004 -3.4901 -1.7428
72 Car -1 -1 -5.9811 381.1169 172.5714 471.1555 203.1672 1.4519 1.5958 3.9596 -8.6954 1.0758 34.4651 -6.2243 -1.8720
73 Car -1 -1 -7.3509 0.0000 134.4759 250.9441 349.9515 1.7129 1.6750 3.9425 -5.5487 1.3475 7.6668 -7.9558 -0.3194
74 Car -1 -1 -4.2523 299.5430 170.0150 409.7563 226.4233 1.3615 1.4457 3.2464 -6.5679 1.1087 18.7690 -4.5816 -1.4477
75 Car -1 -1 -7.3527 0.0000 135.5239 249.7633 349.0850 1.6738 1.6917 3.9063 -5.5122 1.3217 7.5732 -7.9601 -0.7745
75 Car -1 -1 -2.0722 0.0000 156.6950 70.9143 205.4642 1.5585 1.7039 4.2184 -20.5749 0.7981 24.1566 -2.7692 -1.3772
75 Car -1 -1 -7.7986 354.2134 144.7671 389.4228 179.1564 1.8434 1.6721 3.8645 -13.2008 -0.0802 40.1462 -8.1118 -1.5128
75 Car -1 -1 -2.1423 99.0436 165.1572 268.4081 230.5395 1.4662 1.6492 4.1371 -10.5085 1.1225 17.5264 -2.6724 -2.1123
76 Car -1 -1 -7.7137 0.0000 145.9740 236.1402 354.3205 1.5879 1.6985 4.3230 -5.1570 1.3252 7.7076 -8.2824 -1.2192
77 Car -1 -1 -7.9624 239.4137 167.5548 318.0736 226.5590 1.4206 1.5501 3.5390 -8.8424 1.1093 18.9403 -8.3908 -0.7144
77 Car -1 -1 -7.4782 0.0000 136.5072 241.0939 352.8253 1.6793 1.6728 4.1413 -5.5025 1.3382 7.6934 -8.0776 -1.0809
79 Car -1 -1 -7.6252 121.8492 162.2396 191.5085 201.8773 1.5558 1.6274 3.8500 -18.8422 0.8393 29.8372 -8.1817 -1.0997
79 Car -1 -1 -1.9604 27.6251 157.4571 126.1916 202.0710 1.5787 1.6553 3.8787 -20.0189 0.7636 26.7347 -2.5955 -2.1821
81 Car -1 -1 -3.1767 240.5709 165.2242 397.5148 224.1751 1.4284 1.5149 3.6796 -7.4883 1.0586 18.5610 -3.5522 -1.1406
82 Car -1 -1 -4.2820 110.1251 161.3001 198.4849 203.7576 1.6087 1.6230 3.6683 -18.2093 0.8815 28.7122 -4.8402 -1.8953
82 Car -1 -1 -4.1909 271.3415 154.9697 368.6697 198.0384 1.5064 1.6022 4.0515 -10.7232 0.6137 26.8515 -4.5647 -1.9859
83 Car -1 -1 -8.0238 158.5705 167.5097 260.1801 230.7854 1.4353 1.6486 3.8787 -10.2225 1.1410 18.0675 -8.5292 -1.0313
84 Car -1 -1 -4.1941 0.0000 160.9872 144.1154 223.3081 1.5205 1.6368 3.5975 -14.3403 1.0447 19.1309 -4.8274 -1.7973
85 Car -1 -1 -3.0494 0.0000 153.1764 38.0745 195.2952 1.5081 1.6060 3.9720 -24.3753 0.5300 27.1380 -3.7734 -1.3166
85 Car -1 -1 -2.8718 0.0000 159.9277 54.8721 195.1631 1.5742 1.6018 3.6536 -28.2424 0.6553 33.0785 -3.5718 -1.5284
85 Car -1 -1 -7.5877 0.0000 139.8499 247.7742 353.3688 1.6345 1.6582 3.8406 -5.0954 1.3237 7.4940 -8.1633 -1.7143
85 Car -1 -1 -1.9637 123.2588 165.2743 263.7292 229.8322 1.4528 1.6303 4.0939 -10.4646 1.1105 17.8058 -2.4853 -2.1883
86 Car -1 -1 -4.0110 269.8929 169.7037 406.7412 231.1253 1.3998 1.4569 3.2763 -6.6696 1.1541 17.9030 -4.3599 -0.0735
86 Car -1 -1 -3.1464 0.0000 156.7421 45.1388 198.5779 1.5079 1.5759 3.7184 -24.0656 0.6518 27.3022 -3.8611 -1.2609
86 Car -1 -1 -7.6769 0.0000 138.3795 239.8579 355.0104 1.6522 1.6856 4.0521 -5.1042 1.3314 7.5870 -8.2478 -1.3281
87 Car -1 -1 -8.0192 375.9393 177.6994 416.3889 205.2992 1.4332 1.5582 3.5903 -11.4730 1.2879 38.6708 -8.3037 0.1383
87 Car -1 -1 -7.9288 178.9384 167.8416 260.2431 229.5199 1.4276 1.5918 3.8209 -10.1405 1.1350 18.4038 -8.4231 -0.3194
87 Car -1 -1 -2.1888 50.8650 155.0566 144.7903 190.3180 1.6473 1.6873 4.0796 -24.7593 0.4588 34.5005 -2.8049 -1.9224
88 Car -1 -1 -5.7961 10.4481 156.8311 131.6082 191.7962 1.6140 1.7029 4.3370 -25.4515 0.5216 33.8062 -6.4350 -1.9393
88 Car -1 -1 -7.3631 0.0000 135.2234 247.4856 351.2959 1.6571 1.6650 3.9292 -5.4615 1.3103 7.4717 -7.9722 -1.9791
89 Car -1 -1 -7.9563 174.7068 167.3337 262.4377 229.2909 1.4232 1.6226 3.8259 -10.1012 1.1211 18.2796 -8.4518 -0.4796
89 Car -1 -1 -3.9477 273.8507 167.7834 425.3310 229.9202 1.4333 1.5434 3.6971 -6.5100 1.1403 18.3110 -4.2819 -0.7423
89 Car -1 -1 -7.6580 0.0000 141.8705 240.9332 354.3109 1.6122 1.6657 4.0113 -5.0886 1.3195 7.5373 -8.2304 -0.7637
89 Car -1 -1 -2.8608 73.3612 156.9567 202.7051 197.4643 1.5764 1.7130 4.1000 -19.0032 0.6604 28.9279 -3.4349 -2.0145
90 Car -1 -1 -7.9024 244.5424 164.1122 315.5161 224.2840 1.4548 1.5752 3.7387 -8.8915 1.0589 19.1167 -8.3294 -0.3688
90 Car -1 -1 -7.6972 149.1884 162.2248 207.3865 199.9940 1.4967 1.5653 3.4670 -18.0039 0.7727 29.9187 -8.2322 -1.5777
90 Car -1 -1 -3.8972 0.0000 111.0844 291.9530 369.0000 1.7711 1.6612 3.9766 -4.8304 1.3593 6.3079 -4.5246 -1.9296
91 Car -1 -1 -2.9542 96.9421 163.1576 225.1966 203.6804 1.5746 1.6969 4.2102 -18.1051 0.9010 29.0157 -3.5052 -1.2747
91 Car -1 -1 -7.6079 0.0000 135.3724 235.4801 346.3504 1.6379 1.6672 3.9917 -5.3011 1.2880 7.6485 -8.1926 -1.3073
91 Car -1 -1 -2.3364 90.1550 164.4890 265.5062 228.5926 1.4334 1.6030 3.5814 -10.3150 1.0757 17.0628 -2.8698 -2.1594
92 Car -1 -1 -7.9664 235.4361 162.7646 315.3972 222.3064 1.4339 1.5601 3.6176 -8.9513 1.0071 18.9785 -8.3987 -1.6756
92 Car -1 -1 -7.3354 0.0000 137.3624 248.5046 341.5497 1.6239 1.6480 4.1054 -5.6580 1.2812 7.7422 -7.9450 -1.8077
92 Car -1 -1 -3.0367 0.0000 166.4106 90.4125 199.2766 1.5111 1.6124 3.7048 -27.2446 0.8635 34.1764 -3.7033 -2.0375
93 Car -1 -1 -2.8754 97.7300 164.0622 263.4621 212.1936 1.4612 1.6455 4.3020 -13.5722 0.9624 22.8166 -3.4039 -0.6398
93 Car -1 -1 -3.8445 0.0000 161.5007 82.1883 212.9453 1.5114 1.6163 3.9576 -19.4112 0.9535 22.8603 -4.5396 -1.7530
95 Car -1 -1 -7.6117 0.0000 133.4165 232.4382 347.7767 1.6575 1.6572 3.9287 -5.2924 1.2939 7.5960 -8.1987 -0.8400
96 Car -1 -1 -7.5084 0.0000 128.8466 257.0403 359.6139 1.7055 1.6678 3.7432 -4.9824 1.3242 7.2398 -8.0888 -2.1755
97 Car -1 -1 -7.4549 118.6511 164.0949 203.3368 203.6699 1.5467 1.6481 3.7702 -18.5090 0.9058 29.6222 -8.0066 -0.1874
97 Car -1 -1 -7.3457 0.0000 133.9796 250.6853 352.0235 1.6895 1.6602 3.9170 -5.4658 1.3295 7.5093 -7.9529 -0.6171
98 Car -1 -1 -7.6299 0.0000 139.7455 242.9263 351.1299 1.6359 1.6669 3.9294 -5.1469 1.3209 7.6031 -8.2037 -0.9974
98 Car -1 -1 -4.0697 95.7707 161.8000 206.5922 203.1523 1.5445 1.6645 4.0143 -18.1546 0.8463 28.4776 -4.6302 -1.9383
98 Car -1 -1 -2.8962 0.0000 158.7100 56.1173 194.3175 1.5790 1.6841 4.0935 -28.4008 0.6129 33.0141 -3.5998 -2.0872
99 Car -1 -1 -7.2874 0.0000 133.5219 249.2067 351.0173 1.6802 1.6481 3.8802 -5.5195 1.3177 7.4404 -7.9033 -1.0165
99 Car -1 -1 -7.9382 171.6441 165.6011 257.5548 229.1260 1.4529 1.6368 3.8274 -10.1704 1.1125 18.2190 -8.4379 -1.6692
100 Car -1 -1 -3.0725 236.5182 168.7246 393.0890 226.5804 1.4081 1.5439 3.6521 -7.5049 1.1218 18.4979 -3.4500 0.9062
100 Car -1 -1 -1.8443 0.0000 165.4927 50.2776 205.5686 1.5163 1.6250 3.7017 -24.0520 0.9487 28.4715 -2.5383 0.3355
100 Car -1 -1 -2.8815 96.7689 165.2935 221.2092 205.8132 1.5807 1.6960 4.0093 -18.1816 0.9877 28.9739 -3.4350 -1.3935
100 Car -1 -1 -7.5212 0.0000 127.6192 254.8965 358.1745 1.7240 1.6862 3.7220 -5.0229 1.3290 7.2979 -8.1018 -1.8783
101 Car -1 -1 -7.7707 151.7203 161.9708 202.6194 200.8050 1.5404 1.5405 3.4560 -18.0726 0.8057 29.9373 -8.3072 -1.5271
101 Car -1 -1 -7.5953 0.0000 132.7725 247.1697 360.2019 1.7018 1.6638 3.7785 -5.0094 1.3451 7.3452 -8.1718 -1.8001
102 Car -1 -1 -7.7278 254.7768 165.6613 322.6523 214.7285 1.5116 1.5916 3.8348 -10.6017 1.0548 23.8459 -8.1393 -1.2570
102 Car -1 -1 -7.8141 177.7434 164.3418 255.9827 226.1933 1.4395 1.6040 3.8691 -10.1058 1.0637 18.5459 -8.3038 -1.3643
103 Car -1 -1 -7.0662 118.0979 162.3907 224.3331 202.4247 1.5592 1.5748 3.7580 -18.0348 0.8542 29.5526 -7.6074 -0.0808
103 Car -1 -1 -7.9353 247.7817 161.9394 307.4662 210.8044 1.4900 1.5279 3.5311 -10.9521 0.9244 23.4735 -8.3647 -0.2132
103 Car -1 -1 -7.9453 170.5058 164.2133 256.7555 226.5447 1.4259 1.6156 3.8466 -10.1966 1.0536 18.2208 -8.4461 -1.1601
104 Car -1 -1 -7.3573 0.0000 133.6078 246.1895 353.2577 1.6878 1.6512 3.9118 -5.4752 1.3279 7.4698 -7.9677 -1.0106
104 Car -1 -1 -3.9841 103.6194 159.2314 214.8353 200.7944 1.5823 1.6490 3.9268 -18.1668 0.7729 28.9951 -4.5369 -1.9716
105 Car -1 -1 -4.3978 578.9663 171.4968 645.9720 211.8525 1.4055 1.5033 3.4848 0.3165 1.0922 26.5175 -4.3842 -0.2155
105 Car -1 -1 -7.8562 185.2696 167.0088 259.9757 228.1335 1.4223 1.5640 3.7494 -10.0003 1.1087 18.4741 -8.3431 -1.4444
106 Car -1 -1 -7.5554 0.0000 132.5336 247.0226 360.5752 1.6949 1.6646 3.7954 -5.0599 1.3388 7.3101 -8.1387 -1.7102
107 Car -1 -1 -7.9196 177.9596 164.2862 258.6642 226.9237 1.4479 1.6084 3.8740 -10.1792 1.0734 18.4114 -8.4153 -1.0346
108 Car -1 -1 -4.9098 614.3306 166.4496 674.3572 208.5554 1.4343 1.5314 3.4832 1.3427 0.9559 25.9180 -4.8568 -0.7698
108 Car -1 -1 -4.7155 244.0969 161.3473 315.4149 223.3842 1.4940 1.5913 3.8318 -8.8026 1.0331 19.1013 -5.1390 -0.9627
109 Car -1 -1 -7.6487 0.0000 136.4530 239.1333 357.2782 1.6665 1.6817 4.0542 -5.1315 1.3345 7.5299 -8.2254 -1.0520
109 Car -1 -1 -2.0013 0.0000 159.6223 69.2531 208.0149 1.5399 1.7102 4.1571 -20.4946 0.8758 24.1655 -2.6962 -1.1140
109 Car -1 -1 -7.6189 0.0000 163.6940 57.6844 205.3090 1.5249 1.5841 3.5163 -23.0176 0.9093 27.8364 -8.3023 -1.9913
110 Car -1 -1 -4.6978 242.6197 163.7948 312.6891 223.1986 1.4390 1.5696 3.6593 -8.8297 1.0346 19.1182 -5.1221 -0.6017
110 Car -1 -1 -8.1433 543.6791 151.3060 584.9781 179.5206 1.6217 1.5587 3.4880 -2.5045 -0.0617 42.6783 -8.1994 -1.4735
111 Car -1 -1 -3.1226 231.8737 167.9882 401.3133 225.7280 1.3932 1.5616 3.9420 -7.4723 1.0916 18.4813 -3.4989 0.4703
111 Car -1 -1 -7.5292 0.0000 133.0024 252.3906 359.8775 1.6976 1.6569 3.7758 -5.0450 1.3426 7.3267 -8.1101 -1.6266
112 Car -1 -1 -7.6346 0.0000 136.5327 241.3295 354.7153 1.6596 1.6739 3.9131 -5.1065 1.3256 7.5039 -8.2106 -0.7739
112 Car -1 -1 -2.0749 0.0000 154.1325 71.7691 203.7798 1.5858 1.7137 4.2544 -20.5633 0.7439 24.1518 -2.7717 -1.1446
112 Car -1 -1 -4.0251 270.9001 167.8862 406.9044 229.6291 1.4069 1.4914 3.2344 -6.6496 1.1199 17.8848 -4.3733 -1.2544
112 Car -1 -1 -3.0777 0.0000 155.1380 35.7322 196.9052 1.4916 1.5931 3.9319 -24.3757 0.5861 27.0858 -3.8026 -1.6967
113 Car -1 -1 -2.0620 0.0000 157.6534 70.1405 207.3859 1.5862 1.7093 4.2051 -20.5620 0.8578 24.1288 -2.7592 -1.4449
114 Car -1 -1 -7.8884 179.8719 166.6265 256.9026 228.8796 1.4394 1.6029 3.8406 -10.1502 1.1189 18.4104 -8.3830 -0.6076
114 Car -1 -1 -3.1285 44.1443 150.6258 199.4795 200.0549 1.6143 1.7052 4.4099 -16.9650 0.6389 25.0062 -3.7166 -0.7721
115 Car -1 -1 -2.3554 100.5298 163.7691 290.9539 225.6176 1.4814 1.6863 4.3850 -10.6225 1.0810 18.3339 -2.8710 -0.8925
115 Car -1 -1 -7.2285 290.8040 168.0576 425.9516 228.0032 1.4113 1.5191 3.5910 -6.3814 1.1187 18.5865 -7.5521 -1.1429
115 Car -1 -1 -2.0874 0.0000 156.3782 70.9782 205.6148 1.5719 1.7035 4.1973 -20.5518 0.8021 24.1039 -2.7849 -1.1643
115 Car -1 -1 -3.0765 0.0000 154.3157 35.5080 196.2030 1.4964 1.5946 3.9131 -24.3765 0.5613 27.0889 -3.8013 -2.0158
115 Car -1 -1 -2.8483 0.0000 158.3908 56.0629 193.6772 1.5711 1.6717 4.0732 -28.4469 0.5869 33.0603 -3.5521 -2.1321
116 Car -1 -1 -2.0864 0.0000 158.0036 73.0967 205.7163 1.5302 1.6664 4.0047 -20.4319 0.8090 24.1636 -2.7798 -2.1785
117 Car -1 -1 -7.8438 178.5150 167.5331 254.4477 229.1609 1.4285 1.5781 3.7952 -10.1099 1.1283 18.4360 -8.3362 -1.1727
117 Car -1 -1 -3.2962 355.1960 166.8557 438.6864 196.5920 1.5239 1.5941 4.0920 -11.1369 0.8248 37.8225 -3.5784 -2.0152
118 Car -1 -1 -7.5551 0.0000 134.9797 243.4791 350.4925 1.6628 1.6732 4.0659 -5.3051 1.3120 7.6417 -8.1405 -1.1010
118 Car -1 -1 -7.5773 119.8875 162.5483 193.1331 200.7668 1.5021 1.6045 3.8221 -18.8514 0.7968 29.8466 -8.1339 -1.1497
118 Car -1 -1 -2.8484 0.0000 160.1504 57.0265 196.6684 1.6204 1.7147 4.3374 -28.5429 0.7176 33.0286 -3.5543 -1.4753
118 Car -1 -1 -8.0088 161.0180 165.1953 259.2643 228.7622 1.4391 1.6335 3.7960 -10.1676 1.0930 18.0080 -8.5133 -1.8960
118 Car -1 -1 -2.8764 0.0000 153.6914 48.5213 194.7082 1.5058 1.5699 3.5682 -24.0543 0.5219 27.4362 -3.5884 -2.1672
119 Car -1 -1 -7.6053 0.0000 134.7397 233.0644 348.5551 1.6569 1.6813 4.0117 -5.3431 1.3028 7.6505 -8.1936 -1.2930
119 Car -1 -1 -6.2934 252.8462 166.9470 412.9072 225.2242 1.4192 1.5667 3.7835 -7.1357 1.0895 18.6310 -6.6515 -1.5404
120 Car -1 -1 -7.3827 0.0000 132.2106 243.8773 354.0066 1.7052 1.6611 3.9188 -5.4805 1.3344 7.4910 -7.9923 -0.8308
120 Car -1 -1 -7.5871 119.4454 163.6452 190.7686 202.7281 1.5357 1.5857 3.7299 -18.8838 0.8736 29.7964 -8.1452 -1.7351
121 Car -1 -1 -2.0635 0.0000 156.4013 73.9122 203.6702 1.5148 1.6790 4.1748 -20.4719 0.7428 24.2207 -2.7567 -1.7606
121 Car -1 -1 -7.5282 0.0000 132.1492 256.4338 360.7983 1.7077 1.6701 3.7581 -4.9960 1.3470 7.3086 -8.1057 -1.9896
121 Car -1 -1 -7.8752 245.6852 161.9692 315.9093 224.2091 1.5222 1.5931 3.6261 -8.8917 1.0693 19.2713 -8.2992 -2.0231
122 Car -1 -1 -7.3287 0.0000 133.7590 249.3081 351.9807 1.6834 1.6550 3.9383 -5.4970 1.3233 7.4872 -7.9399 -1.1348
122 Car -1 -1 -5.6896 514.2883 160.3423 600.0974 190.9666 1.4874 1.6238 4.1775 -2.4796 0.5085 36.0948 -5.7556 -1.8173
123 Car -1 -1 -6.0235 104.6273 162.7885 228.5293 201.0614 1.5018 1.6309 4.0489 -17.9515 0.8071 29.0985 -6.5694 -0.4700
123 Car -1 -1 -7.6011 0.0000 137.1814 246.9298 354.2062 1.6568 1.6598 3.8573 -5.0822 1.3265 7.4897 -8.1757 -1.0336
123 Car -1 -1 -7.9697 167.4284 164.4313 258.7116 227.5636 1.4420 1.6357 3.8448 -10.1949 1.0753 18.1903 -8.4711 -1.1403
123 Car -1 -1 -2.0814 0.0000 154.7345 71.7436 204.4292 1.5867 1.7114 4.2376 -20.5503 0.7643 24.1275 -2.7783 -1.1792
123 Car -1 -1 -3.0767 0.0000 154.5053 36.3965 196.4253 1.4984 1.6003 3.9203 -24.3594 0.5695 27.1065 -3.8009 -1.8847
124 Car -1 -1 -7.6232 0.0000 137.6990 242.9857 353.3126 1.6440 1.6748 4.0178 -5.1466 1.3181 7.5649 -8.1992 -0.7419
124 Car -1 -1 -2.8536 0.0000 160.1484 55.1913 194.5462 1.5377 1.5937 3.6652 -28.2359 0.6281 33.0724 -3.5536 -0.9050
124 Car -1 -1 -3.9127 269.0269 168.0652 413.6366 229.2626 1.3997 1.4754 3.3610 -6.6344 1.1156 18.0051 -4.2580 -1.0953
124 Car -1 -1 -3.0381 0.0000 154.8862 35.4946 197.1842 1.5132 1.6040 3.9184 -24.4153 0.5971 27.0883 -3.7638 -1.3123
124 Car -1 -1 -4.8619 546.5065 160.2958 587.9928 191.6175 1.5085 1.5646 3.7818 -1.9930 0.5356 36.0621 -4.9147 -1.5839
124 Car -1 -1 -4.6349 169.9281 168.7083 259.6506 236.2031 1.4328 1.5594 3.8263 -9.3348 1.1828 17.0747 -5.1254 -1.7853
125 Car -1 -1 -7.7516 154.2320 161.6041 204.7638 199.4681 1.5063 1.4780 3.3723 -17.9955 0.7548 29.9692 -8.2857 -0.7168
125 Car -1 -1 -2.0708 0.0000 158.1645 73.1833 206.1428 1.5383 1.6804 4.0807 -20.4657 0.8224 24.2021 -2.7643 -1.8069
126 Car -1 -1 -7.6219 0.0000 137.1240 244.5770 352.3860 1.6568 1.6632 3.8717 -5.1053 1.3234 7.5445 -8.1954 -0.8700
126 Car -1 -1 -2.0777 0.0000 154.5883 71.0413 203.7788 1.5711 1.7094 4.2416 -20.5791 0.7438 24.1407 -2.7751 -0.9597
126 Car -1 -1 -2.8575 0.0000 159.2244 53.5188 194.0814 1.5523 1.6275 3.9043 -28.4307 0.6050 33.0264 -3.5615 -1.5562
127 Car -1 -1 -2.3629 101.1484 157.9341 210.4209 196.8300 1.5495 1.6288 3.7918 -18.6595 0.6507 29.3740 -2.9219 -0.5650
127 Car -1 -1 -7.4821 0.0000 137.7698 246.2857 348.3954 1.6226 1.6718 4.2022 -5.4336 1.2938 7.6805 -8.0764 -1.9545
128 Car -1 -1 -7.4001 0.0000 136.9752 249.0430 350.2294 1.6417 1.6731 4.1234 -5.4903 1.3070 7.6064 -8.0036 -1.9099
129 Car -1 -1 -7.3498 0.0000 137.1125 252.7636 346.0075 1.6442 1.6565 3.9401 -5.4887 1.3031 7.6073 -7.9531 -0.9422
129 Car -1 -1 -4.4973 0.0000 159.9521 52.8192 203.7075 1.5589 1.6368 3.9936 -22.8753 0.8271 27.3415 -5.1863 -1.4975
129 Car -1 -1 -7.8964 547.4485 147.0972 577.5644 177.1836 1.7132 1.6537 3.8934 -2.6166 -0.2098 42.7270 -7.9550 -1.5342
129 Car -1 -1 -4.5176 134.3332 159.1510 201.2112 199.8790 1.5469 1.5997 3.7752 -17.8027 0.7363 28.9018 -5.0627 -2.0475
130 Car -1 -1 -7.7091 152.0421 162.8617 206.9365 200.5016 1.4946 1.4946 3.4079 -17.9696 0.7945 29.9362 -8.2431 -0.8941
130 Car -1 -1 -7.8933 180.8589 166.7887 257.0505 228.3039 1.4252 1.5894 3.8410 -10.1632 1.1079 18.4391 -8.3878 -1.2491
130 Car -1 -1 -7.5656 0.0000 136.4196 252.7526 357.3105 1.6578 1.6577 3.8335 -5.0146 1.3274 7.3793 -8.1406 -1.9239
131 Car -1 -1 -1.8897 37.5276 157.1550 126.8281 200.5155 1.5324 1.6405 3.7540 -19.8356 0.7076 26.7482 -2.5201 -0.8540
131 Car -1 -1 -7.6467 0.0000 142.8545 238.3290 354.1202 1.6013 1.6400 3.9504 -5.1021 1.3164 7.4973 -8.2226 -1.1936
131 Car -1 -1 -3.1007 0.0000 160.3516 52.6745 201.8237 1.5092 1.5666 3.5599 -23.7266 0.7762 27.4439 -3.8058 -1.6062
132 Car -1 -1 -7.7457 152.2405 162.1632 202.6077 199.4412 1.4801 1.4556 3.2726 -18.0220 0.7523 29.8642 -8.2819 -0.7308
132 Car -1 -1 -7.8066 179.1264 166.2422 257.2650 226.8433 1.4136 1.5789 3.8264 -10.0800 1.0814 18.5600 -8.2949 -1.2957
132 Car -1 -1 -2.2480 0.0000 160.2654 129.4669 203.0928 1.5080 1.6591 4.1248 -20.0594 0.7958 26.2074 -2.8934 -1.6346
133 Car -1 -1 -3.0495 0.0000 166.3414 90.2550 198.9285 1.4987 1.6023 3.6582 -27.2186 0.8477 34.1840 -3.7155 -2.0594
134 Car -1 -1 -7.6571 0.0000 148.7106 237.0073 357.8828 1.5721 1.6348 3.9506 -5.0716 1.3336 7.4517 -8.2330 -2.0272
135 Car -1 -1 -2.2000 105.1900 159.6860 203.4101 197.9779 1.5130 1.5966 3.6726 -18.7372 0.6908 29.3594 -2.7612 -0.7917
135 Car -1 -1 -3.0177 248.4060 169.0265 403.2697 223.4563 1.3536 1.5343 3.6511 -7.3191 1.0686 18.7624 -3.3819 -1.0988
136 Car -1 -1 -2.2498 102.6768 158.0477 206.7693 197.2921 1.5523 1.6259 3.8109 -18.7110 0.6645 29.3565 -2.8103 -0.7470
136 Car -1 -1 -4.8268 544.6513 161.3064 584.0778 192.9125 1.5183 1.5744 3.8237 -2.1347 0.5964 35.9827 -4.8837 -1.8309
136 Car -1 -1 -6.3131 242.9361 166.8186 400.2898 225.9906 1.4302 1.5456 3.6817 -7.4023 1.0998 18.5212 -6.6854 -2.1738
137 Car -1 -1 -7.6280 0.0000 137.7245 242.1628 355.2372 1.6512 1.6834 4.0397 -5.1467 1.3269 7.5536 -8.2047 -1.3004
137 Car -1 -1 -2.1218 102.1422 165.3113 266.0990 230.0756 1.4564 1.6392 4.0563 -10.5315 1.1151 17.5769 -2.6517 -1.4527
137 Car -1 -1 -3.0382 0.0000 154.2986 35.9468 196.6152 1.5121 1.6168 3.9864 -24.4367 0.5761 27.0840 -3.7644 -1.5818
137 Car -1 -1 -4.6983 551.2587 161.3544 583.3661 192.1777 1.4927 1.5543 3.7213 -1.9141 0.5657 36.1294 -4.7489 -1.6459
137 Car -1 -1 -1.9254 0.0000 162.4825 75.1107 195.9265 1.5520 1.6762 4.0178 -27.8379 0.7161 34.5699 -2.5970 -1.8600
138 Car -1 -1 -3.0188 94.0707 163.7309 209.1331 204.3438 1.5661 1.6382 3.7665 -18.3739 0.9197 28.8060 -3.5797 -0.9151
138 Car -1 -1 -7.5451 357.7844 152.2371 419.1962 190.0435 1.5204 1.5335 3.3827 -9.1818 0.3840 30.1391 -7.8357 -1.4129
139 Car -1 -1 -7.8996 245.1055 162.9500 314.6420 222.8988 1.4361 1.5349 3.8302 -8.8399 1.0160 18.9921 -8.3268 -0.7807
139 Car -1 -1 -4.4900 97.5809 167.0522 185.2447 216.8398 1.4617 1.5531 3.6870 -14.8312 1.0672 22.7554 -5.0593 -1.4748
139 Car -1 -1 -7.7593 152.4618 161.5033 203.7294 200.7655 1.5615 1.5282 3.3706 -18.0540 0.8062 29.9698 -8.2949 -1.9240
140 Car -1 -1 -6.1825 245.0000 169.9167 403.1118 227.7863 1.4073 1.5449 3.6806 -7.2234 1.1502 18.4218 -6.5484 -1.6916
140 Car -1 -1 -7.5816 0.0000 131.6753 244.8241 359.9695 1.6894 1.6666 3.8400 -5.0484 1.3285 7.3147 -8.1635 -1.7593
140 Car -1 -1 -2.2733 105.9851 160.9589 207.2390 199.8452 1.5456 1.6094 3.6243 -18.6695 0.7691 29.4218 -2.8319 -1.8054
141 Car -1 -1 -7.9033 243.0766 163.4483 312.4026 222.9004 1.4315 1.5237 3.6333 -8.8905 1.0213 18.9879 -8.3328 -1.2885
141 Car -1 -1 -8.0696 542.5524 147.9534 582.7336 177.1160 1.6582 1.6414 3.8427 -2.6169 -0.2145 42.7576 -8.1282 -1.3731
141 Car -1 -1 -7.1558 125.5903 163.5222 220.7471 201.8504 1.5089 1.5419 3.4454 -18.0340 0.8408 29.6586 -7.6955 -1.3751
141 Car -1 -1 -7.7638 232.3463 162.1272 284.0972 200.7806 1.4887 1.5723 3.7072 -14.2957 0.7813 29.2432 -8.2123 -2.1839
142 Car -1 -1 -3.8478 0.0000 162.7644 77.0473 214.3694 1.5028 1.6337 3.9726 -19.4649 0.9866 22.6837 -4.5481 -0.4280
142 Car -1 -1 -7.1523 126.8369 163.5068 221.4876 201.6971 1.5079 1.5239 3.4476 -18.0432 0.8372 29.7412 -7.6909 -1.4582
143 Car -1 -1 -1.9988 121.0430 163.8320 268.9767 228.5465 1.4587 1.6485 4.2024 -10.4403 1.0834 17.8328 -2.5187 -1.0649
143 Car -1 -1 -2.9589 98.7241 163.5560 226.1894 204.2009 1.5793 1.6941 4.1908 -18.0490 0.9212 29.0157 -3.5085 -1.2877
144 Car -1 -1 -7.1655 126.5922 163.4404 221.6024 202.3513 1.5353 1.5519 3.4653 -18.0357 0.8624 29.7274 -7.7042 -1.2945
144 Car -1 -1 -7.5292 0.0000 135.2698 235.5291 353.6770 1.6646 1.6843 4.1714 -5.4503 1.3203 7.6246 -8.1282 -1.4415
144 Car -1 -1 -8.0789 539.5431 146.3550 578.7778 175.7415 1.6648 1.5923 3.6362 -2.8173 -0.3003 42.6634 -8.1422 -2.0497
