0 Car -1 -1 -8.4809 886.9861 190.4838 1241.0000 374.0000 1.5189 1.7526 4.0867 3.4424 1.6835 4.6866 -7.8781 3.2798
0 Car -1 -1 -4.3479 290.9275 174.9962 333.5331 197.2237 1.5323 1.5979 3.7652 -21.4381 1.6921 52.0099 -4.7373 2.3755
1 Car -1 -1 -8.4585 875.2289 192.3644 1241.0000 374.0000 1.4629 1.7366 4.0836 3.4452 1.6535 4.9927 -7.8828 4.5431
1 Car -1 -1 -4.3735 285.7549 173.7084 328.3940 196.8744 1.5679 1.5887 3.8287 -21.3576 1.6302 50.9353 -4.7689 1.6825
1 Car -1 -1 -4.2919 309.2041 174.2010 351.1166 194.7137 1.5088 1.5619 3.8344 -21.4149 1.6153 55.2832 -4.6601 0.4122
1 Car -1 -1 -6.6788 815.6555 173.4980 950.1686 221.0677 1.5656 1.6855 3.9623 9.2243 1.5882 24.6988 -6.3258 -1.9065
1 Car -1 -1 -3.4185 820.8572 171.8061 917.8399 203.0691 1.4762 1.6252 4.1382 12.4798 1.4264 35.0096 -3.0791 -2.1880
2 Car -1 -1 -8.4427 862.2381 191.2700 1241.0000 374.0000 1.4628 1.7142 4.2319 3.4168 1.6498 5.1971 -7.8880 4.1818
2 Car -1 -1 -4.3493 280.1812 174.9778 323.3709 197.0719 1.4540 1.5258 3.6775 -21.2108 1.6055 49.7098 -4.7509 2.2961
2 Car -1 -1 -4.3300 303.3928 173.5664 343.9323 195.3899 1.5721 1.5106 3.7931 -21.4066 1.6270 54.0026 -4.7059 1.0775
3 Car -1 -1 -8.4046 851.0126 193.4058 1241.0000 374.0000 1.4484 1.6968 4.2069 3.3896 1.6664 5.5368 -7.8800 4.7604
3 Car -1 -1 -4.3603 271.9237 176.0186 317.3288 200.2910 1.5522 1.6293 3.6628 -21.1742 1.7728 48.5046 -4.7701 2.0259
3 Car -1 -1 -4.3133 297.3596 176.6132 340.3730 197.8046 1.4747 1.5431 3.8490 -21.2919 1.7598 52.8363 -4.6949 1.8940
3 Car -1 -1 -6.8953 1082.7147 172.0168 1216.4531 209.8355 1.6770 1.8716 4.6774 24.5323 1.6396 32.9836 -6.2605 -0.8584
4 Car -1 -1 -8.3849 840.5209 189.7402 1241.0000 374.0000 1.5002 1.6797 4.1731 3.3602 1.6854 5.8137 -7.8838 5.9393
4 Car -1 -1 -4.3507 263.5897 177.0217 312.2571 201.1975 1.4990 1.6308 3.9318 -21.1410 1.7843 47.4388 -4.7681 2.5181
4 Car -1 -1 -4.3060 291.8959 176.8015 334.0805 198.7768 1.4966 1.4880 3.5917 -21.2186 1.7885 51.5989 -4.6946 1.5089
4 Car -1 -1 -6.6447 737.4239 166.7748 832.8967 205.3498 1.9604 1.8636 4.5011 9.1143 1.6511 37.8792 -6.4108 -1.4165
5 Car -1 -1 -8.3662 834.1494 190.7878 1241.0000 374.0000 1.4855 1.6716 4.1380 3.3667 1.6887 6.0947 -7.8831 6.0351
5 Car -1 -1 -4.3489 255.0274 176.5929 304.8791 201.4492 1.5033 1.6099 3.9253 -21.1217 1.7531 46.2533 -4.7753 2.9995
5 Car -1 -1 -4.2994 284.0702 177.1274 329.3493 198.3362 1.4025 1.5274 3.7655 -21.1465 1.7118 50.3731 -4.6952 2.4454
6 Car -1 -1 -8.3371 824.0703 193.0025 1241.0000 374.0000 1.4512 1.6526 4.1352 3.3171 1.6872 6.3768 -7.8775 6.2006
6 Car -1 -1 -4.3219 276.8370 176.9614 322.1245 200.6742 1.5348 1.5389 3.7043 -21.1505 1.8252 49.2076 -4.7262 3.1678
6 Car -1 -1 -4.3175 246.4505 177.9475 298.2138 203.2931 1.4852 1.5732 3.8108 -21.0221 1.8162 44.9947 -4.7526 2.4737
7 Car -1 -1 -8.3171 815.8526 193.0842 1241.0000 374.0000 1.4454 1.6363 4.1452 3.3015 1.6911 6.6841 -7.8770 7.5647
7 Car -1 -1 -4.2872 268.8044 179.0026 315.6227 202.3078 1.4597 1.4867 3.6125 -21.0998 1.8836 47.9651 -4.6999 3.7839
7 Car -1 -1 -4.3124 236.4509 178.7161 289.3210 205.5358 1.5248 1.5675 3.6920 -21.0015 1.8951 43.7247 -4.7580 3.0755
8 Car -1 -1 -8.3025 806.3806 192.6242 1223.2068 374.0000 1.4489 1.6341 4.1174 3.2716 1.6970 6.9827 -7.8818 7.7408
8 Car -1 -1 -4.2774 225.7338 178.1718 281.3566 205.7007 1.5281 1.5636 3.6049 -20.9984 1.8550 42.5737 -4.7334 3.7569
8 Car -1 -1 -4.2805 259.7145 178.0348 307.8329 202.5876 1.5032 1.4951 3.5245 -21.0848 1.8508 46.6898 -4.7028 3.0286
9 Car -1 -1 -8.2865 797.5584 190.8046 1182.6226 374.0000 1.4490 1.6227 4.1146 3.2403 1.6818 7.2897 -7.8845 7.2841
9 Car -1 -1 -4.2814 215.7417 177.2538 272.7722 204.8937 1.4899 1.5148 3.6680 -20.9209 1.7530 41.3449 -4.7475 3.9192
9 Car -1 -1 -4.6677 246.4499 176.3815 278.6649 202.6525 1.5513 1.6351 4.2305 -21.8848 1.7844 45.4820 -5.1141 0.3468
10 Car -1 -1 -8.2715 789.5842 189.3457 1144.5732 374.0000 1.4427 1.6231 4.0898 3.2242 1.6642 7.6339 -7.8869 8.4374
10 Car -1 -1 -4.3034 203.1444 175.2950 265.3861 204.5326 1.5367 1.6143 4.0120 -20.9460 1.6797 40.3216 -4.7800 2.1381
10 Car -1 -1 -4.2910 242.3050 175.2220 294.6714 201.8184 1.5660 1.6369 3.4823 -21.0581 1.7176 44.5518 -4.7305 -1.1903
11 Car -1 -1 -8.2533 782.8035 189.3450 1116.2555 374.0000 1.4494 1.6271 4.1553 3.2189 1.6793 7.9703 -7.8835 8.8342
11 Car -1 -1 -4.2635 230.8963 174.0792 286.2966 201.5669 1.5719 1.5888 3.5620 -21.0082 1.6480 43.2033 -4.7139 3.1894
11 Car -1 -1 -4.2968 192.2570 175.9326 253.0158 204.9768 1.4742 1.5645 3.5775 -20.8209 1.6476 38.8558 -4.7860 2.4343
12 Car -1 -1 -8.2379 777.4186 189.0856 1091.0376 367.9823 1.4326 1.6242 4.1758 3.2101 1.6658 8.2699 -7.8809 8.0504
12 Car -1 -1 -4.2595 222.7020 176.9218 280.1859 202.6918 1.4188 1.5700 3.6275 -20.8928 1.6661 42.1159 -4.7177 3.1921
12 Car -1 -1 -4.2612 180.1506 176.8908 246.7663 208.2084 1.5413 1.6275 3.6475 -20.7555 1.7632 37.8514 -4.7600 1.9898
13 Car -1 -1 -8.2253 772.7755 188.0715 1066.0339 357.3673 1.4352 1.6099 4.1905 3.2152 1.6612 8.6130 -7.8804 9.0796
13 Car -1 -1 -4.2551 168.4907 177.1839 238.7146 209.1257 1.5200 1.6176 3.7564 -20.6584 1.7519 36.7732 -4.7641 4.1281
13 Car -1 -1 -4.2329 212.8965 176.7483 275.3648 204.8289 1.4995 1.5672 3.8325 -20.7396 1.7308 40.9904 -4.6989 3.4862
14 Car -1 -1 -8.2073 770.1129 187.6700 1045.9304 348.8384 1.4285 1.6025 4.1953 3.2192 1.6543 8.8953 -7.8718 8.7005
14 Car -1 -1 -4.2229 156.7529 179.9160 229.4697 212.8519 1.5039 1.5608 3.6585 -20.5122 1.8701 35.5934 -4.7427 5.2919
14 Car -1 -1 -4.2156 203.0906 178.1420 267.5826 206.9074 1.4859 1.5970 3.6654 -20.6240 1.7909 39.8016 -4.6911 3.9889
15 Car -1 -1 -8.2040 764.1569 187.6473 1025.1470 341.4196 1.4317 1.5962 4.1804 3.2125 1.6640 9.2345 -7.8803 8.3116
15 Car -1 -1 -4.2051 142.9458 181.5189 221.1921 215.6463 1.4985 1.5950 3.7408 -20.4175 1.9355 34.5295 -4.7359 4.9268
15 Car -1 -1 -4.2138 196.0915 180.6379 260.7156 210.3294 1.4805 1.5399 3.5690 -20.4349 1.9173 38.7164 -4.6969 4.4990
15 Car -1 -1 -7.5978 978.0164 153.9278 1045.1143 192.6600 1.6827 1.7455 4.1177 18.6105 0.8602 33.4401 -7.0938 -1.0995
16 Car -1 -1 -8.1934 761.3516 186.7344 1007.8351 333.4158 1.4332 1.5876 4.1728 3.2265 1.6572 9.5536 -7.8782 9.0834
16 Car -1 -1 -4.1955 130.0646 182.4990 209.2892 217.7362 1.4902 1.5194 3.6350 -20.2971 1.9603 33.3568 -4.7388 5.5607
16 Car -1 -1 -4.1957 182.7204 181.0754 252.9980 212.1438 1.4950 1.5846 3.7070 -20.3747 1.9442 37.5816 -4.6898 3.9718
17 Car -1 -1 -8.1910 756.9304 186.4854 990.8565 324.6947 1.4090 1.5727 4.1287 3.2180 1.6344 9.8558 -7.8854 8.3582
17 Car -1 -1 -4.1701 112.4563 181.7253 198.1655 217.8068 1.4760 1.5890 3.6217 -20.2479 1.8945 32.2353 -4.7275 5.8501
17 Car -1 -1 -4.1947 172.3567 180.4118 244.1185 212.5946 1.5071 1.5564 3.6598 -20.2702 1.9084 36.4947 -4.6988 4.0842
18 Car -1 -1 -8.1831 752.4957 185.2467 975.6711 317.8406 1.4183 1.5798 4.1417 3.2217 1.6293 10.2052 -7.8867 8.6917
18 Car -1 -1 -4.1623 93.6724 181.6244 185.4865 219.9848 1.5082 1.5901 3.7302 -20.2074 1.9090 31.1118 -4.7346 5.1722
18 Car -1 -1 -4.1697 157.6466 180.6120 234.4293 213.6145 1.4894 1.5640 3.7026 -20.2031 1.8889 35.3131 -4.6863 4.7075
19 Car -1 -1 -8.1683 749.2274 185.1574 960.6287 312.6740 1.4211 1.5868 4.1269 3.2187 1.6359 10.5272 -7.8805 8.4148
19 Car -1 -1 -4.1563 143.2255 180.9132 223.1234 214.5705 1.4666 1.5454 3.6693 -20.1622 1.8688 34.1836 -4.6860 4.8536
19 Car -1 -1 -4.1405 74.7506 182.4960 169.7951 221.6721 1.4770 1.5527 3.5988 -20.1405 1.9006 29.9073 -4.7292 4.0561
20 Car -1 -1 -8.1646 745.6498 185.2776 947.2131 306.8903 1.4073 1.5682 4.1308 3.2197 1.6300 10.8650 -7.8850 9.2568
20 Car -1 -1 -4.1329 53.2194 182.5387 155.5593 224.3207 1.5121 1.5844 3.6729 -20.1148 1.9237 28.8294 -4.7380 5.2523
20 Car -1 -1 -4.1357 124.4164 182.2670 211.7092 216.8089 1.4374 1.5745 3.8065 -20.1431 1.8928 33.0039 -4.6803 3.8717
21 Car -1 -1 -8.1509 742.5592 184.9425 933.1767 303.0346 1.4262 1.5728 4.0978 3.2157 1.6483 11.2058 -7.8795 8.5093
21 Car -1 -1 -4.1151 29.1278 184.0272 138.4145 227.1575 1.4879 1.6190 3.6193 -20.0866 1.9444 27.6697 -4.7386 5.5000
21 Car -1 -1 -4.1319 108.9485 181.5733 198.4578 219.1664 1.5179 1.5556 3.7029 -20.0820 1.9253 31.8678 -4.6906 3.9330
22 Car -1 -1 -8.1474 737.3211 185.3934 921.4508 299.4664 1.4245 1.5740 4.1568 3.2021 1.6618 11.5741 -7.8851 8.8105
22 Car -1 -1 -4.1168 93.1838 183.6332 184.5108 221.9683 1.4874 1.5446 3.5176 -20.0255 1.9733 30.7700 -4.6900 4.1870
22 Car -1 -1 -4.0890 6.9289 186.2664 122.2902 231.0157 1.4642 1.5042 3.6933 -19.9905 1.9926 26.5828 -4.7291 3.6430
23 Car -1 -1 -8.1456 733.6570 185.7692 910.1954 295.0293 1.4126 1.5723 4.1013 3.1926 1.6625 11.8982 -7.8907 8.8106
23 Car -1 -1 -4.0844 0.0000 186.6891 102.2441 234.5040 1.4908 1.5661 3.6846 -19.9864 2.0141 25.4436 -4.7453 5.1046
23 Car -1 -1 -4.1025 70.8718 185.3287 171.1532 224.7203 1.4522 1.5513 3.7188 -20.0174 1.9971 29.6612 -4.6922 3.6981
23 Car -1 -1 -9.3697 1122.3503 0.0000 1241.0000 374.0000 1.5230 1.5835 3.7344 3.8665 1.3218 2.0343 -8.3411 -2.1855
24 Car -1 -1 -8.1329 730.0405 185.3908 899.6390 290.3552 1.4074 1.5932 4.1272 3.1867 1.6564 12.2611 -7.8856 8.6255
24 Car -1 -1 -4.0361 0.0000 184.5246 79.3743 234.1325 1.4907 1.6454 3.5177 -20.0074 1.9116 24.2775 -4.7201 3.7981
24 Car -1 -1 -4.1197 51.4528 182.1467 154.1411 223.6689 1.4907 1.5446 3.6371 -19.9851 1.8817 28.5519 -4.7262 1.9215
24 Car -1 -1 -8.8310 1101.4637 183.1629 1241.0000 374.0000 1.4984 1.6139 3.6193 3.7778 1.5610 2.5469 -7.9062 0.7241
25 Car -1 -1 -8.1268 724.6424 184.2379 884.9709 285.3646 1.4165 1.5617 4.1458 3.1419 1.6494 12.6794 -7.8904 8.4041
25 Car -1 -1 -4.0707 33.5994 180.8849 138.4720 223.4081 1.4916 1.5888 3.2805 -19.9633 1.8169 27.5911 -4.6926 2.1611
25 Car -1 -1 -4.0348 0.0000 182.6930 58.8668 234.2046 1.4747 1.6452 3.6496 -19.9578 1.8161 23.2089 -4.7394 1.9939
25 Car -1 -1 -8.5597 1089.2913 189.1535 1241.0000 374.0000 1.4690 1.6302 3.6440 3.4900 1.5722 2.6479 -7.6908 0.8501
26 Car -1 -1 -8.1226 720.6507 184.1588 874.6483 282.3185 1.4212 1.5643 4.0866 3.1113 1.6570 12.9968 -7.8938 8.6579
26 Car -1 -1 -4.0242 0.0000 181.0033 118.5263 225.1517 1.4520 1.5057 3.5928 -19.9431 1.7686 26.2326 -4.6694 3.5400
26 Car -1 -1 -8.6161 1059.5615 182.3348 1241.0000 374.0000 1.5282 1.6430 3.6124 3.6332 1.5914 2.9675 -7.7784 1.0225
27 Car -1 -1 -8.1138 715.5160 184.9439 863.8594 279.1798 1.4081 1.5805 4.1210 3.0767 1.6675 13.4081 -7.8941 8.8104
27 Car -1 -1 -4.0234 0.0000 181.7699 95.8451 229.2388 1.4878 1.5440 3.4975 -19.9350 1.8188 25.0434 -4.6906 3.9608
27 Car -1 -1 -8.6585 1030.9855 170.5825 1241.0000 374.0000 1.5573 1.6594 3.7943 3.7563 1.5528 3.2430 -7.8445 1.9994
28 Car -1 -1 -8.1115 711.0782 185.1124 853.1810 277.4224 1.4265 1.5630 4.1134 3.0387 1.6961 13.7962 -7.9002 8.2961
28 Car -1 -1 -4.0001 0.0000 184.0880 73.8885 233.5362 1.4710 1.5720 3.4450 -19.9675 1.8714 23.9956 -4.6888 3.3477
28 Car -1 -1 -8.6351 1007.8685 169.0518 1241.0000 374.0000 1.5736 1.6676 3.8157 3.7490 1.5650 3.4831 -7.8549 2.0409
29 Car -1 -1 -8.1000 706.0964 184.3827 842.4333 274.0917 1.4363 1.5746 4.1335 2.9854 1.6962 14.1908 -7.8979 8.4451
29 Car -1 -1 -8.6079 986.9389 164.1841 1241.0000 374.0000 1.5923 1.6700 3.7873 3.7320 1.5699 3.7397 -7.8628 2.3732
29 Car -1 -1 -4.0033 0.0000 186.8864 48.9204 237.7922 1.4097 1.5603 3.6165 -19.9513 1.8879 22.7915 -4.7167 1.7613
30 Car -1 -1 -8.0917 701.5541 184.4531 832.2303 270.3867 1.4176 1.5742 4.1216 2.9297 1.6850 14.5612 -7.8981 8.0306
30 Car -1 -1 -8.5195 962.7909 174.5989 1241.0000 374.0000 1.5500 1.6750 3.8242 3.6558 1.5642 4.0671 -7.8235 2.8166
30 Car -1 -1 -4.0090 0.0000 184.1969 23.3169 243.2325 1.5539 1.6315 3.7568 -19.9338 1.9235 21.6297 -4.7476 1.1987
31 Car -1 -1 -8.0920 695.6392 182.9436 820.7211 267.1074 1.4412 1.5427 4.1029 2.8427 1.6791 14.9472 -7.9087 7.9502
31 Car -1 -1 -8.5180 943.0945 173.0408 1241.0000 374.0000 1.5849 1.7115 3.7454 3.6752 1.5862 4.3674 -7.8520 2.6135
32 Car -1 -1 -8.0820 688.9177 183.4494 810.4205 263.6622 1.4165 1.5876 4.1127 2.7575 1.6730 15.3923 -7.9090 7.7977
32 Car -1 -1 -8.5093 918.9997 173.7622 1241.0000 374.0000 1.6219 1.6850 3.7536 3.6447 1.6299 4.7070 -7.8813 2.6526
32 Car -1 -1 -8.3623 793.6346 174.7819 832.9275 192.9579 1.4921 1.6562 3.6469 17.2922 1.6617 61.6178 -8.0903 -1.5567
33 Car -1 -1 -8.0784 682.4934 182.8392 799.1404 261.0625 1.4260 1.5686 4.1300 2.6497 1.6736 15.8018 -7.9162 8.0858
33 Car -1 -1 -8.4849 896.9044 174.5006 1241.0000 374.0000 1.6776 1.7921 4.0581 3.6094 1.6930 4.8523 -7.8752 2.7231
34 Car -1 -1 -8.0637 676.4039 183.0221 787.1423 257.8421 1.4064 1.5797 4.0652 2.5300 1.6637 16.2024 -7.9126 8.4002
34 Car -1 -1 -8.4644 879.7933 167.6529 1241.0000 374.0000 1.7098 1.7105 3.7012 3.5274 1.6851 5.2637 -7.9007 3.8602
35 Car -1 -1 -8.0578 670.3697 182.3541 777.5242 255.1712 1.4097 1.5844 4.0733 2.4212 1.6552 16.5935 -7.9164 8.3137
35 Car -1 -1 -8.4451 859.2386 167.4988 1241.0000 374.0000 1.6861 1.7024 3.6592 3.4612 1.6580 5.6199 -7.9174 4.6968
35 Car -1 -1 -7.3577 904.8387 159.3585 959.0333 183.5619 1.5522 1.6576 3.8858 21.4554 0.6864 48.1156 -6.9407 -2.0390
36 Car -1 -1 -8.0544 663.4124 182.2680 767.7497 252.9648 1.4058 1.5892 4.1319 2.2949 1.6553 17.0278 -7.9236 8.1074
36 Car -1 -1 -8.4080 842.3690 166.8571 1241.0000 374.0000 1.6804 1.6716 3.7033 3.3628 1.6469 5.8956 -7.9121 5.0377
36 Car -1 -1 -6.5829 755.8995 158.5937 866.2571 202.2168 2.1945 1.9939 5.1449 10.3079 1.4768 37.3794 -6.3163 -1.8773
37 Car -1 -1 -8.0431 656.2853 181.3790 756.2422 250.8550 1.4248 1.5876 4.1661 2.1371 1.6559 17.4545 -7.9242 7.8623
37 Car -1 -1 -8.3745 824.1284 165.8816 1241.0000 374.0000 1.6758 1.6769 3.6492 3.2484 1.6337 6.1900 -7.9119 5.1524
37 Car -1 -1 -5.7738 909.4476 168.1207 990.6420 195.5795 1.6407 1.7260 4.3209 21.2766 1.3575 45.3684 -5.3380 -0.6044
38 Car -1 -1 -8.0412 649.2116 181.7907 745.0090 248.6405 1.4078 1.5727 4.0690 1.9726 1.6544 17.8443 -7.9338 7.0513
38 Car -1 -1 -8.3540 804.9232 168.2031 1241.0000 374.0000 1.6592 1.6699 3.6471 3.1351 1.6291 6.5026 -7.9236 6.6919
39 Car -1 -1 -8.0323 642.4625 181.8579 734.6042 246.5155 1.3979 1.5766 4.0652 1.8125 1.6517 18.2721 -7.9359 7.4810
39 Car -1 -1 -8.3241 786.0605 169.0494 1184.0906 374.0000 1.6528 1.6901 3.6252 3.0082 1.6264 6.8255 -7.9261 5.5362
40 Car -1 -1 -8.0209 634.7927 182.6447 724.6675 245.4211 1.3843 1.6063 4.1482 1.6327 1.6668 18.7094 -7.9361 7.9068
40 Car -1 -1 -8.2945 769.3456 172.1142 1133.4208 374.0000 1.6539 1.6953 3.6597 2.8988 1.6482 7.1892 -7.9267 6.4285
40 Car -1 -1 -3.5003 769.5920 156.1634 882.3243 204.4438 2.1347 1.9353 4.5530 9.7834 1.3965 33.0357 -3.2152 -1.7935
41 Car -1 -1 -8.2666 754.8191 171.9235 1084.5088 374.0000 1.6577 1.6746 3.5976 2.7622 1.6501 7.4925 -7.9275 8.1311
41 Car -1 -1 -8.0152 627.8165 183.4738 713.6912 245.1514 1.3881 1.5829 4.0883 1.4381 1.6994 19.0694 -7.9420 7.5697
41 Car -1 -1 -3.5389 774.6949 156.3396 894.4636 199.7942 1.8571 1.8309 4.7294 9.8570 1.1510 31.9852 -3.2428 -1.3391
42 Car -1 -1 -8.2422 738.1843 173.8938 1040.9310 372.8896 1.6457 1.6599 3.6460 2.6241 1.6594 7.8695 -7.9330 7.4087
42 Car -1 -1 -8.0175 620.9396 183.4953 704.5465 244.2697 1.4034 1.5778 4.0093 1.2614 1.7207 19.4620 -7.9547 7.2744
43 Car -1 -1 -8.0091 614.1400 184.0179 696.3701 242.5404 1.3762 1.6082 4.1174 1.0867 1.7169 19.9100 -7.9562 6.9590
43 Car -1 -1 -8.2243 722.1838 173.8184 1005.8282 365.4149 1.6656 1.6720 3.6562 2.4809 1.6788 8.1857 -7.9414 6.8070
44 Car -1 -1 -8.2024 709.1635 173.7657 971.8037 354.1957 1.6596 1.6696 3.6757 2.3583 1.6725 8.5613 -7.9438 7.3402
44 Car -1 -1 -8.0091 607.4389 183.2111 687.0920 241.0902 1.3931 1.5769 4.1399 0.8890 1.7147 20.2804 -7.9669 7.2864
44 Car -1 -1 -3.5693 788.1210 154.1420 922.1365 197.1877 1.6479 1.7609 4.7561 9.6652 0.9312 28.7508 -3.2484 -1.9871
45 Car -1 -1 -8.1820 696.3339 174.4163 937.7253 344.9248 1.6349 1.6288 3.6204 2.1886 1.6578 8.8316 -7.9483 7.1886
45 Car -1 -1 -8.0050 601.0422 183.7860 678.5309 240.1523 1.3814 1.5772 4.1269 0.6982 1.7265 20.6566 -7.9726 6.8606
45 Car -1 -1 -3.5830 787.2087 153.8295 930.3001 207.1005 1.9541 1.8333 4.8722 9.4287 1.2559 27.6608 -3.2581 -0.7028
45 Car -1 -1 -6.7059 964.0962 161.5212 1057.4192 191.9956 1.5262 1.7418 3.8216 20.5304 0.9583 37.1533 -6.2046 -1.1030
45 Car -1 -1 -5.3523 1046.2932 169.7975 1128.6705 200.4825 1.4985 1.6365 3.6974 24.4311 1.3490 37.1331 -4.7743 -2.1068
46 Car -1 -1 -8.0050 595.2377 183.2274 671.6982 238.8303 1.3956 1.5939 4.1172 0.5326 1.7288 21.0527 -7.9809 6.9042
46 Car -1 -1 -8.1664 684.0356 174.3000 910.5936 338.3104 1.6478 1.6301 3.6129 2.0524 1.6696 9.1613 -7.9543 6.8654
47 Car -1 -1 -8.1405 673.7996 175.2759 886.1211 332.3263 1.6532 1.6429 3.7025 1.9393 1.6915 9.5750 -7.9481 7.7206
47 Car -1 -1 -8.0062 589.3622 184.7856 664.3863 238.7758 1.3718 1.5877 4.1247 0.3516 1.7615 21.4351 -7.9909 6.0187
47 Car -1 -1 -6.0868 657.9680 163.5585 740.3168 195.8392 1.6816 1.6488 4.1804 4.7901 1.1971 39.0221 -5.9660 -1.4613
47 Car -1 -1 -3.5820 802.9740 151.9641 953.2913 210.5646 1.9713 1.8904 4.5999 9.3265 1.2683 25.4267 -3.2346 -1.5545
48 Car -1 -1 -8.1195 662.0266 177.5636 861.8291 327.4307 1.6378 1.6683 3.6773 1.7887 1.7147 9.9137 -7.9477 7.0946
48 Car -1 -1 -8.0036 584.3143 185.3884 657.6039 238.9051 1.3835 1.5916 4.0688 0.1853 1.7984 21.7755 -7.9961 6.0488
49 Car -1 -1 -8.0992 653.2225 176.4730 840.1949 320.1355 1.6459 1.6754 3.6290 1.6607 1.7064 10.2440 -7.9444 6.5954
49 Car -1 -1 -7.9818 580.5802 183.1965 650.3445 235.7725 1.3981 1.6007 4.1268 0.0253 1.7465 22.1807 -7.9816 6.3367
49 Car -1 -1 -3.6687 837.2372 152.2893 982.2593 208.3253 1.7251 1.7079 4.0240 9.5930 1.0917 23.3428 -3.2835 0.5820
50 Car -1 -1 -8.0918 643.5619 175.5017 821.8906 311.6767 1.6257 1.6617 3.7056 1.5323 1.6715 10.6154 -7.9537 7.0703
50 Car -1 -1 -7.9906 575.8176 181.1857 644.9576 232.4473 1.3995 1.5844 4.1288 -0.1288 1.6846 22.5565 -7.9971 5.5833
50 Car -1 -1 -3.6072 857.7941 150.7813 1021.9450 206.4332 1.6277 1.7389 4.2405 9.9547 0.9818 22.0722 -3.1888 -1.0373
51 Car -1 -1 -8.0836 634.9686 173.3826 803.4788 303.7066 1.6302 1.6439 3.6897 1.4002 1.6393 10.9634 -7.9613 6.9133
51 Car -1 -1 -7.9763 573.1223 180.0421 639.1836 229.3432 1.3759 1.5778 4.1303 -0.2592 1.6253 22.9166 -7.9882 6.4315
51 Car -1 -1 -6.8140 872.0856 141.5006 1029.0909 206.9817 1.8104 1.7299 3.7804 9.7897 0.9433 20.9988 -6.3833 1.2420
52 Car -1 -1 -8.0700 627.9225 172.9187 785.5568 297.0230 1.6181 1.6240 3.6330 1.2725 1.6190 11.3030 -7.9621 6.7555
52 Car -1 -1 -7.9697 569.3964 178.8196 633.2682 227.3390 1.3887 1.5701 4.1574 -0.4149 1.5993 23.3483 -7.9880 5.9425
52 Car -1 -1 -6.8976 892.3910 142.9905 1065.3701 212.3327 1.8041 1.7253 4.0004 10.0729 1.0268 19.9293 -6.4358 -1.9867
53 Car -1 -1 -8.0561 620.2269 171.7072 771.2711 292.1127 1.6306 1.6534 3.6196 1.1515 1.6148 11.6594 -7.9614 7.2443
53 Car -1 -1 -7.9606 566.4979 178.6162 628.6736 226.7446 1.4020 1.5841 4.1280 -0.5389 1.6080 23.6830 -7.9838 5.4584
53 Car -1 -1 -6.8205 914.6259 133.8673 1098.9746 205.6118 1.7742 1.7543 3.8632 10.1937 0.8098 18.8106 -6.3305 -1.7149
54 Car -1 -1 -8.0507 613.3730 173.3565 757.1957 289.1698 1.6213 1.6334 3.6131 1.0282 1.6306 12.0053 -7.9686 7.1374
54 Car -1 -1 -7.9576 562.2765 180.0417 624.4490 227.6855 1.4014 1.6312 4.0362 -0.6817 1.6609 23.9680 -7.9865 4.5296
55 Car -1 -1 -8.0329 606.9536 174.7474 744.4603 286.7547 1.6168 1.6563 3.6620 0.9088 1.6541 12.3901 -7.9627 7.0668
55 Car -1 -1 -7.9628 557.6937 181.1488 620.0717 228.6014 1.4128 1.6461 4.1106 -0.8438 1.7176 24.3866 -7.9977 5.0922
56 Car -1 -1 -8.0260 600.9821 175.5804 732.4869 284.3390 1.6213 1.6483 3.6881 0.7918 1.6766 12.7778 -7.9669 6.9036
56 Car -1 -1 -7.9480 556.6124 182.6155 615.0939 229.3946 1.4088 1.6008 4.1799 -0.9572 1.7737 24.8162 -7.9869 4.3898
57 Car -1 -1 -8.0139 596.0780 175.4240 720.3637 280.6005 1.6239 1.6340 3.6762 0.6753 1.6773 13.1517 -7.9650 7.1642
57 Car -1 -1 -7.9532 553.4327 182.7777 611.2402 229.1872 1.4208 1.5897 4.1502 -1.0900 1.7966 25.1830 -7.9967 4.7906
58 Car -1 -1 -8.0104 592.1337 174.6495 710.6794 277.3865 1.6448 1.6114 3.6561 0.5808 1.6829 13.5271 -7.9697 7.1228
58 Car -1 -1 -7.9480 551.0845 182.5161 607.8277 227.7198 1.4087 1.6086 4.0742 -1.2020 1.7788 25.5268 -7.9953 4.6875
59 Car -1 -1 -8.0012 589.1071 174.3068 703.4703 274.1087 1.6513 1.6234 3.6999 0.5082 1.6829 13.9243 -7.9666 6.5865
59 Car -1 -1 -7.9479 551.4014 181.7847 605.8967 225.7597 1.3912 1.5467 4.1782 -1.2452 1.7383 25.8887 -7.9962 3.5905
59 Car -1 -1 -4.2956 164.4014 182.8478 219.3231 209.0998 1.4911 1.5295 3.7544 -25.6990 2.1330 44.4136 -4.8178 0.7869
60 Car -1 -1 -7.9879 587.3237 175.6045 696.2054 272.0236 1.6359 1.6192 3.7045 0.4425 1.6974 14.2787 -7.9588 6.2450
60 Car -1 -1 -7.9475 550.8116 182.2741 603.9899 225.7361 1.3932 1.5339 4.0553 -1.2981 1.7621 26.1624 -7.9973 2.3150
60 Car -1 -1 -4.2295 155.6860 181.6250 216.5512 209.3602 1.5455 1.5557 3.8122 -25.4336 2.0960 43.3719 -4.7574 1.3657
61 Car -1 -1 -7.9793 583.8815 176.3110 689.2891 269.5628 1.6271 1.6430 3.6489 0.3594 1.7060 14.6293 -7.9564 6.3923
61 Car -1 -1 -7.9340 550.6588 182.3368 602.4081 225.2722 1.4015 1.5645 4.1102 -1.3508 1.7794 26.6371 -7.9849 2.8861
61 Car -1 -1 -4.2153 146.1853 181.6009 210.9475 209.8487 1.5334 1.5562 3.9694 -25.3144 2.0718 42.4268 -4.7507 2.5392
62 Car -1 -1 -7.9781 580.6319 176.1069 683.5641 267.4344 1.6332 1.6356 3.7675 0.2791 1.7094 15.0034 -7.9610 5.5523
62 Car -1 -1 -4.2325 139.6139 181.7532 201.5229 209.2763 1.4574 1.4462 3.7745 -25.1572 1.9913 41.3829 -4.7761 2.1457
62 Car -1 -1 -7.9395 548.7850 182.7030 600.6285 224.9421 1.3876 1.5719 3.8499 -1.4145 1.7787 26.6587 -7.9927 1.5302
63 Car -1 -1 -7.9759 576.5189 176.2502 675.9540 264.8447 1.6304 1.6347 3.6603 0.1732 1.7113 15.3350 -7.9660 5.7852
63 Car -1 -1 -4.1832 122.2122 181.3799 191.3526 210.4280 1.4958 1.6037 3.6928 -25.1487 1.9917 40.1201 -4.7403 4.0286
63 Car -1 -1 -7.8896 551.1212 181.3560 598.1974 224.1874 1.4502 1.6199 3.9418 -1.4431 1.7953 27.2733 -7.9426 2.1662
64 Car -1 -1 -7.9822 572.1793 175.5268 669.9578 262.8726 1.6502 1.6227 3.6919 0.0707 1.7152 15.6827 -7.9789 5.4137
64 Car -1 -1 -4.2175 112.6575 179.9314 183.5997 210.4605 1.5343 1.5684 3.9100 -25.0315 1.9382 39.1986 -4.7829 3.1181
64 Car -1 -1 -7.9063 547.0363 181.8231 594.1440 223.3893 1.4259 1.5828 3.9594 -1.6192 1.7954 27.6936 -7.9649 1.9763
65 Car -1 -1 -7.9682 568.6432 177.3606 663.2896 262.4218 1.6373 1.6467 3.7467 -0.0353 1.7495 16.0531 -7.9714 6.2663
65 Car -1 -1 -4.1954 96.5225 182.0182 171.5050 214.8936 1.5948 1.6647 3.7206 -24.9913 2.1011 37.9750 -4.7744 3.7555
65 Car -1 -1 -7.9229 544.1364 183.3537 593.4634 225.1919 1.4193 1.5925 4.0872 -1.6913 1.8527 27.6756 -7.9841 1.0728
66 Car -1 -1 -7.9571 565.6459 179.1897 656.8871 263.1432 1.6450 1.6486 3.8570 -0.1386 1.8068 16.4499 -7.9666 5.3766
66 Car -1 -1 -4.1938 82.5542 186.5056 158.8427 219.2146 1.5113 1.5963 3.6859 -24.9061 2.2434 36.8165 -4.7854 3.6023
66 Car -1 -1 -7.9131 543.9625 186.4788 592.2766 227.4515 1.4229 1.6602 3.5899 -1.7375 1.9904 28.1908 -7.9748 2.0838
66 Car -1 -1 -4.3603 175.9272 184.4251 230.2974 211.9996 1.5909 1.6618 4.1382 -25.6822 2.3571 45.6269 -4.8707 -0.9042
67 Car -1 -1 -7.9487 563.2769 181.4394 650.7331 263.6247 1.6364 1.6367 3.8565 -0.2324 1.8598 16.7920 -7.9635 5.5168
67 Car -1 -1 -4.1818 67.4998 189.2138 148.6463 223.5650 1.5258 1.6004 3.7958 -24.8749 2.3828 35.8584 -4.7850 3.6978
67 Car -1 -1 -7.9363 541.6463 187.5819 591.8881 228.8446 1.4460 1.6750 3.7367 -1.8222 2.0710 28.6628 -7.9999 1.6953
67 Car -1 -1 -4.2989 165.2185 188.1842 224.6571 215.7218 1.5299 1.6682 4.1021 -25.5930 2.5220 44.5820 -4.8177 1.2204
68 Car -1 -1 -7.9492 560.0829 179.3987 645.5688 259.2450 1.6345 1.6251 3.9256 -0.3322 1.8083 17.1484 -7.9694 4.6121
68 Car -1 -1 -4.1678 50.7731 187.2868 136.0157 222.0632 1.4990 1.5387 3.8822 -24.8009 2.2336 34.7463 -4.7843 3.8114
68 Car -1 -1 -7.9000 543.6852 184.7287 589.2767 225.0626 1.4470 1.6420 3.8766 -1.8569 1.9586 29.0896 -7.9639 2.1654
68 Car -1 -1 -4.3468 156.6873 185.2058 212.8299 213.6677 1.5605 1.5803 4.0046 -25.5858 2.3408 43.4917 -4.8762 1.2108
68 Car -1 -1 -3.1871 933.2172 104.9101 1241.0000 298.7381 1.7335 1.6642 3.2996 5.4285 1.1256 8.0083 -2.6085 -1.9980
69 Car -1 -1 -7.9344 557.7894 175.6426 639.9753 251.9377 1.6189 1.6470 3.8487 -0.4245 1.6938 17.4571 -7.9593 4.8190
69 Car -1 -1 -4.1450 33.7787 183.7806 123.8034 218.7347 1.4754 1.5941 3.7587 -24.6471 2.0128 33.5845 -4.7745 3.1592
69 Car -1 -1 -7.8859 544.3069 180.8411 587.3666 220.1729 1.4506 1.6145 3.7739 -1.8951 1.7970 29.3623 -7.9504 2.2096
69 Car -1 -1 -4.2834 144.1236 181.4355 208.5985 209.1470 1.4957 1.6003 4.3151 -25.5138 2.0281 42.5584 -4.8210 1.9355
70 Car -1 -1 -7.9297 556.8304 173.0709 636.4885 247.4636 1.6229 1.6367 3.8558 -0.4808 1.6286 17.7544 -7.9573 4.5098
70 Car -1 -1 -4.1148 11.8798 179.6098 109.7922 217.6683 1.5757 1.6353 3.8178 -24.6528 1.8980 32.5088 -4.7599 3.9127
70 Car -1 -1 -4.2519 132.7814 177.8845 202.0518 206.7783 1.5416 1.6181 4.3615 -25.3973 1.8464 41.5204 -4.7982 2.0507
70 Car -1 -1 -7.8987 542.1204 178.8197 584.7416 216.9489 1.4417 1.5807 3.6337 -2.0160 1.7032 29.7681 -7.9663 1.1782
71 Car -1 -1 -7.9392 553.6942 172.9943 633.2356 246.6687 1.6392 1.6431 3.6672 -0.5583 1.6428 17.9780 -7.9707 4.8236
71 Car -1 -1 -4.1036 0.0000 180.6978 92.6566 218.3643 1.5000 1.5476 3.6441 -24.5447 1.8609 31.3671 -4.7636 4.4635
71 Car -1 -1 -7.8778 542.4709 178.6836 584.2626 216.9712 1.4600 1.6313 3.9618 -2.0472 1.7201 30.1838 -7.9455 1.8267
71 Car -1 -1 -4.3033 121.1408 178.1599 187.9852 207.6880 1.5279 1.6369 4.1326 -25.3617 1.8397 40.2793 -4.8625 1.7929
72 Car -1 -1 -7.9162 553.0304 174.7069 629.7173 247.4249 1.6389 1.6841 3.6775 -0.6156 1.6904 18.2701 -7.9503 4.9879
72 Car -1 -1 -4.1183 0.0000 181.7414 77.1185 220.9634 1.4977 1.5115 3.6982 -24.4444 1.8943 30.3180 -4.7927 4.2746
72 Car -1 -1 -4.2081 106.1203 178.9251 185.0163 210.5016 1.5873 1.7094 4.3710 -25.2545 1.9371 39.3658 -4.7756 2.0654
72 Car -1 -1 -1.6531 538.4774 180.1483 584.4879 217.9190 1.4517 1.6295 3.5832 -2.1375 1.7775 30.3592 -1.7234 1.4859
73 Car -1 -1 -7.9107 551.8887 175.9279 626.4965 247.7736 1.6387 1.6753 3.9231 -0.6859 1.7266 18.6626 -7.9478 4.7713
73 Car -1 -1 -4.0793 0.0000 184.7634 61.2219 225.4962 1.4756 1.5932 3.7269 -24.3578 1.9880 29.1596 -4.7708 2.4845
73 Car -1 -1 -4.2513 98.8455 179.8326 174.8274 211.9498 1.5634 1.6399 4.2515 -25.0309 1.9548 38.2881 -4.8273 1.9997
73 Car -1 -1 -7.8611 542.5276 182.4109 582.3322 220.0920 1.4541 1.5882 3.6240 -2.0806 1.8845 30.6564 -7.9289 1.8417
74 Car -1 -1 -7.9070 552.1519 176.7928 623.8439 246.9112 1.6256 1.6482 3.8149 -0.7183 1.7394 18.9241 -7.9453 3.8864
74 Car -1 -1 -4.2033 80.6668 181.8718 165.8046 213.8543 1.4874 1.6591 4.4538 -24.9534 1.9797 37.1301 -4.7919 2.7203
74 Car -1 -1 -7.8328 542.3532 182.6888 583.8313 220.2893 1.4635 1.6739 3.9528 -2.0264 1.9151 31.1465 -7.8978 0.8923
74 Car -1 -1 -4.1120 0.0000 181.3298 41.9778 225.8378 1.5682 1.5205 3.6928 -24.2096 1.9201 28.0695 -4.8191 -0.3741
75 Car -1 -1 -7.9133 551.2015 176.6661 622.8867 246.2221 1.6366 1.6516 3.7074 -0.7462 1.7475 19.1148 -7.9527 4.2368
75 Car -1 -1 -4.1998 67.5126 180.4367 155.1596 212.8463 1.4699 1.6412 4.4022 -24.8165 1.8723 36.0489 -4.7995 2.8167
75 Car -1 -1 -7.8936 542.7962 181.8146 584.2147 218.9830 1.4679 1.6373 3.8352 -2.1218 1.8829 31.4512 -7.9610 0.7919
76 Car -1 -1 -7.8938 551.8781 176.7547 620.2609 244.6193 1.6211 1.6597 3.6639 -0.7754 1.7356 19.3457 -7.9342 5.4864
76 Car -1 -1 -4.1837 51.7902 179.1440 146.3944 213.2289 1.5051 1.6966 4.4978 -24.6902 1.8303 35.0254 -4.7944 3.3297
76 Car -1 -1 -4.3803 261.9202 164.5323 320.0634 200.2041 2.4163 2.0585 5.7076 -22.8155 1.8523 51.8023 -4.7935 1.3604
76 Car -1 -1 -7.8778 544.2453 181.3392 585.5476 218.3625 1.4776 1.7064 4.1538 -2.0934 1.8780 31.9246 -7.9434 0.0453
77 Car -1 -1 -7.8991 551.8303 176.8737 620.2877 243.4215 1.6134 1.6685 3.7892 -0.7896 1.7337 19.6890 -7.9396 4.7100
77 Car -1 -1 -4.3885 250.0385 164.2847 310.5947 201.9464 2.4247 2.0535 5.6904 -22.4752 1.8727 49.3882 -4.8138 3.8259
77 Car -1 -1 -4.1393 36.4167 179.4600 134.1245 213.1584 1.4378 1.6274 4.2853 -24.4905 1.7672 33.8220 -4.7625 3.0120
77 Car -1 -1 -7.8931 545.6175 181.1007 586.1351 218.3702 1.5007 1.6270 3.8912 -2.0494 1.8888 31.9661 -7.9572 -1.0778
77 Car -1 -1 -6.7567 820.9299 124.9550 1139.6190 270.6037 2.2213 1.9542 4.3224 5.9204 1.4905 12.0389 -6.3101 -1.5927
78 Car -1 -1 -7.8768 552.5232 177.3721 617.9518 242.7473 1.6112 1.6399 3.5836 -0.7813 1.7468 19.8758 -7.9164 5.3920
78 Car -1 -1 -4.3677 235.8073 163.1634 300.8071 202.9706 2.4274 1.9955 5.7089 -22.1278 1.8362 46.9347 -4.8063 3.3781
78 Car -1 -1 -4.1399 19.8346 179.6906 123.5967 214.6541 1.4399 1.6644 4.3744 -24.3681 1.7717 32.8229 -4.7748 3.0676
78 Car -1 -1 -1.6734 543.9246 180.9234 589.7443 216.6997 1.4537 1.6366 4.0032 -2.0378 1.8390 32.3779 -1.7363 -0.5452
79 Car -1 -1 -7.8918 553.4847 177.2766 618.5399 242.1267 1.6144 1.6484 3.6936 -0.7991 1.7492 20.1276 -7.9319 4.4486
79 Car -1 -1 -4.1237 0.0000 177.9149 112.1666 214.3830 1.4570 1.7024 4.5128 -24.2657 1.6957 31.7702 -4.7721 3.0143
79 Car -1 -1 -4.3282 218.5671 166.2630 289.2210 203.7806 2.1616 1.9871 5.4386 -21.7892 1.7815 44.3540 -4.7827 2.9258
79 Car -1 -1 -2.1553 532.2892 179.2377 618.8615 217.8783 1.5194 1.7406 4.1430 -1.6043 1.8151 31.2767 -2.2067 -0.8880
80 Car -1 -1 -7.9083 551.1108 176.1489 618.4478 241.3695 1.6477 1.6700 3.8759 -0.8504 1.7499 20.4410 -7.9502 4.5381
80 Car -1 -1 -4.1043 0.0000 177.5736 98.7712 214.7865 1.4348 1.6800 4.4427 -24.0865 1.6498 30.6571 -4.7661 2.9776
80 Car -1 -1 -4.3201 198.4958 160.7533 276.4534 205.2294 2.4085 2.0167 5.6160 -21.5407 1.7529 41.9523 -4.7921 2.6817
80 Car -1 -1 -7.8373 936.5082 174.5118 973.2213 207.4127 1.4476 1.4816 3.7990 16.2172 1.5300 33.9822 -7.3958 -1.9494
80 Car -1 -1 -7.3253 542.9706 178.4764 617.9874 216.2510 1.5658 1.7003 3.8054 -1.3097 1.8358 32.6065 -7.3657 -2.1553
81 Car -1 -1 -7.9047 553.5689 175.9586 619.3856 239.6039 1.6278 1.6582 4.0705 -0.8153 1.7258 20.7606 -7.9443 4.1133
81 Car -1 -1 -4.0990 0.0000 175.4082 86.3116 215.3084 1.4990 1.7021 4.4137 -23.9141 1.6116 29.6505 -4.7735 3.5915
81 Car -1 -1 -4.3046 177.2300 161.4796 261.5443 206.3427 2.2749 1.9809 5.5895 -21.2295 1.6978 39.4541 -4.7956 2.8961
81 Car -1 -1 -7.8782 551.1940 182.0260 588.3278 216.1203 1.4312 1.6055 3.6468 -1.9377 1.8767 33.1861 -7.9366 -1.7761
81 Car -1 -1 -4.6452 522.6027 179.2702 551.8782 203.5747 1.5709 1.7477 3.9157 -5.0003 2.0300 49.6706 -4.7455 -1.9118
82 Car -1 -1 -7.8736 556.7337 177.1112 619.3422 238.5314 1.5891 1.6476 3.9112 -0.7342 1.7242 20.9430 -7.9090 4.0467
82 Car -1 -1 -4.2710 151.3830 162.3038 245.6194 209.3474 2.2270 2.0440 5.4374 -20.9262 1.7273 36.9422 -4.7836 3.6751
82 Car -1 -1 -4.0832 0.0000 174.9797 73.6757 216.2850 1.4924 1.7759 4.5449 -23.8004 1.5833 28.6305 -4.7723 3.0739
83 Car -1 -1 -7.8971 557.0139 177.8949 619.3872 239.4383 1.6080 1.6375 3.7600 -0.7652 1.7687 21.1090 -7.9337 4.7889
83 Car -1 -1 -4.2483 120.7545 159.8245 226.8968 211.8260 2.2814 2.0469 5.5595 -20.6884 1.7095 34.5019 -4.7852 3.9288
83 Car -1 -1 -4.0603 0.0000 174.8601 57.7463 220.4470 1.5819 1.8137 4.5451 -23.6956 1.6646 27.5593 -4.7657 2.3086
83 Car -1 -1 -1.7055 548.3196 181.4945 592.9344 215.8883 1.4946 1.6344 3.5970 -1.9595 1.9273 34.2406 -1.7628 -0.7156
84 Car -1 -1 -7.8953 558.5610 177.5215 620.9075 238.4818 1.6128 1.6615 4.1385 -0.7405 1.7656 21.5415 -7.9301 4.4769
84 Car -1 -1 -4.2013 85.5256 159.4183 203.8763 212.8517 2.1668 2.0198 5.3628 -20.4487 1.6216 31.9911 -4.7664 4.1825
84 Car -1 -1 -4.0535 0.0000 174.6361 40.0728 222.1155 1.5750 1.7361 4.5913 -23.5174 1.6459 26.4572 -4.7753 1.6203
84 Car -1 -1 -6.6834 1058.7579 159.7759 1174.3864 194.6082 1.4930 1.6571 3.8734 22.4190 0.9321 32.1307 -6.0787 -1.5714
84 Car -1 -1 -1.8405 550.0817 171.4381 623.1217 217.6197 1.5680 1.6884 3.9326 -0.9913 1.5196 26.6271 -1.8780 -1.7383
85 Car -1 -1 -7.8882 559.1053 176.5615 621.0966 236.7479 1.6177 1.6936 3.9875 -0.7267 1.7394 21.6925 -7.9221 4.6326
85 Car -1 -1 -4.1726 41.2199 151.5592 175.7252 213.8817 2.3048 2.0004 5.3673 -20.2397 1.5170 29.4220 -4.7711 4.4415
85 Car -1 -1 -4.0319 0.0000 172.4543 20.8598 218.3768 1.4986 1.6154 4.1381 -23.4105 1.4852 25.6557 -4.7664 0.3759
85 Car -1 -1 -7.8830 557.3781 180.9045 594.4846 215.3069 1.4679 1.6076 4.0409 -1.6893 1.8683 33.8371 -7.9331 -1.9904
86 Car -1 -1 -7.8837 559.8087 175.2311 620.8038 233.7970 1.6054 1.6909 3.9749 -0.7182 1.6842 21.9805 -7.9168 5.4156
86 Car -1 -1 -4.1221 0.0000 152.0079 144.5529 218.0505 2.2124 1.9958 5.4421 -20.0746 1.5137 26.9347 -4.7580 3.8358
87 Car -1 -1 -7.8762 561.4423 174.1707 620.5355 232.4462 1.6259 1.6594 3.6666 -0.6797 1.6693 22.0909 -7.9074 4.4138
87 Car -1 -1 -4.0880 0.0000 139.1081 106.2387 220.4237 2.4310 2.1400 5.5513 -19.9716 1.4218 24.4021 -4.7687 2.9391
88 Car -1 -1 -7.8724 561.6249 174.7985 621.2384 231.3716 1.5908 1.6909 3.9175 -0.6700 1.6563 22.4238 -7.9026 4.1637
88 Car -1 -1 -7.1214 0.0000 137.1131 63.3405 224.8793 2.3540 2.0420 5.4973 -19.9098 1.3951 22.1068 -7.8486 -1.2036
88 Car -1 -1 -8.7130 1052.3975 0.0000 1241.0000 374.0000 2.3334 1.9901 4.9286 4.9141 1.4461 4.0007 -7.8613 -2.0273
89 Car -1 -1 -7.8738 561.8367 174.9170 620.5303 231.1314 1.5972 1.6824 3.7433 -0.6815 1.6668 22.5522 -7.9044 4.0818
90 Car -1 -1 -7.8612 562.1918 173.9921 619.6893 230.1080 1.6215 1.6698 3.8918 -0.6739 1.6604 22.9049 -7.8910 4.6942
91 Car -1 -1 -7.8704 562.7366 174.2771 618.8198 229.0950 1.6030 1.6506 3.7618 -0.7022 1.6521 23.1169 -7.9012 5.0674
92 Car -1 -1 -7.8569 563.3641 175.6322 619.4003 230.1693 1.6090 1.6693 3.6294 -0.6603 1.7055 23.3147 -7.8857 4.4579
93 Car -1 -1 -7.8571 564.7254 175.8575 619.6739 230.0280 1.6160 1.6572 3.8574 -0.6441 1.7224 23.6939 -7.8847 4.6015
94 Car -1 -1 -7.8859 564.8081 175.3137 619.9255 229.6293 1.6419 1.6851 4.0257 -0.7099 1.7306 24.0583 -7.9158 4.2749
95 Car -1 -1 -7.8912 565.0452 174.6322 619.7551 227.5625 1.6275 1.6780 3.6774 -0.7052 1.6915 24.2036 -7.9208 4.8398
96 Car -1 -1 -7.8713 565.8470 173.9311 619.9366 225.0997 1.5983 1.6985 3.7949 -0.6694 1.6375 24.5530 -7.8989 4.4756
97 Car -1 -1 -7.8555 565.7820 170.9687 618.6974 222.2341 1.6293 1.6831 3.7721 -0.6665 1.5691 24.8417 -7.8827 5.4577
98 Car -1 -1 -7.8684 567.7549 171.5670 620.1490 222.2755 1.6320 1.6886 4.0227 -0.6452 1.5903 25.2660 -7.8944 4.3859
99 Car -1 -1 -7.8667 568.1272 175.2962 618.7442 224.6651 1.5963 1.6515 3.6135 -0.6579 1.6881 25.3505 -7.8931 3.9978
99 Car -1 -1 -7.8754 1089.6748 119.2190 1221.3040 226.3849 1.6924 1.7310 4.0383 10.0374 0.8451 13.5477 -7.2481 -1.6960
100 Car -1 -1 -7.8343 568.9248 176.7366 619.5768 226.5884 1.6306 1.6783 3.9169 -0.5754 1.7801 25.8675 -7.8571 4.1469
101 Car -1 -1 -7.8607 569.7662 178.3656 620.3173 227.1704 1.6058 1.6946 3.7180 -0.6045 1.8188 26.0493 -7.8844 4.0969
102 Car -1 -1 -7.8475 569.1492 178.5575 617.8341 225.9027 1.5792 1.6551 3.7273 -0.6423 1.8025 26.3988 -7.8724 4.4007
102 Car -1 -1 -5.6885 842.2374 129.1842 1222.8754 297.8533 1.7641 1.7383 4.1583 5.3021 1.3071 9.7894 -5.2052 -1.8573
103 Car -1 -1 -7.8561 570.5573 179.0662 618.5559 226.3808 1.5921 1.6513 3.9729 -0.6296 1.8400 26.8143 -7.8801 5.6646
104 Car -1 -1 -7.8486 571.1401 178.6844 618.8132 225.7941 1.6125 1.6637 3.7942 -0.6037 1.8465 27.0823 -7.8714 4.4069
104 Car -1 -1 -4.2978 230.4334 177.7713 283.7368 201.4428 1.5000 1.6349 4.3111 -23.8276 1.8473 48.8147 -4.7500 0.0032
105 Car -1 -1 -7.8275 570.9078 178.0369 618.2411 224.4010 1.6115 1.6732 3.7566 -0.5832 1.8214 27.3820 -7.8493 3.5755
105 Car -1 -1 -4.3740 222.2193 177.8809 270.0668 201.7829 1.4778 1.5902 3.9410 -23.9340 1.8230 47.5312 -4.8385 -0.0719
106 Car -1 -1 -7.8551 573.2940 176.8701 619.9731 222.3057 1.6028 1.6698 3.8420 -0.5663 1.7677 27.7350 -7.8760 4.4783
107 Car -1 -1 -7.8620 573.5379 176.6956 620.4127 221.8869 1.6143 1.6977 3.8867 -0.5734 1.7740 28.0765 -7.8829 5.2388
107 Car -1 -1 -4.4806 251.1082 176.3385 291.1204 199.3943 1.5439 1.6828 4.0120 -23.9706 1.8007 51.0971 -4.9175 -1.9125
108 Car -1 -1 -7.8389 573.6472 176.9992 619.2023 221.4265 1.6062 1.6703 3.9409 -0.5534 1.7805 28.4288 -7.8589 5.3301
108 Car -1 -1 -4.4006 243.0981 177.9727 287.2415 201.0389 1.4928 1.5933 3.9816 -23.7189 1.8598 49.6969 -4.8441 0.6281
108 Car -1 -1 -1.7377 194.9525 176.4062 239.6672 203.7331 1.5605 1.7438 4.0495 -23.9547 1.7868 43.8898 -2.2349 -2.0511
109 Car -1 -1 -7.8385 575.2551 176.7669 619.0411 220.1527 1.5892 1.6253 3.9001 -0.5296 1.7553 28.7341 -7.8575 4.0409
109 Car -1 -1 -4.4032 232.6560 175.0616 279.9249 199.8496 1.5838 1.7035 4.0422 -23.7888 1.7387 48.6028 -4.8564 0.8836
109 Car -1 -1 -7.6336 176.8111 177.6545 223.5004 203.6040 1.4256 1.5991 3.7413 -24.0601 1.7209 42.4095 -8.1471 0.5520
110 Car -1 -1 -7.8442 575.4794 176.7386 619.7062 219.9952 1.6033 1.6615 3.9841 -0.5292 1.7704 29.1014 -7.8629 4.4843
110 Car -1 -1 -4.3644 222.0388 174.7662 273.2915 200.5489 1.6056 1.6906 4.1449 -23.7644 1.7367 47.4097 -4.8270 1.0546
110 Car -1 -1 -4.3868 162.4247 176.7064 219.9574 203.5221 1.4319 1.6082 4.1170 -23.9398 1.6639 41.3302 -4.9092 -0.0015
111 Car -1 -1 -7.8507 576.8264 176.7594 620.2003 219.8611 1.6202 1.6521 3.8673 -0.5108 1.7896 29.4203 -7.8685 4.7468
111 Car -1 -1 -4.1473 149.1712 177.9097 221.3166 205.4296 1.4271 1.6266 3.8748 -23.5514 1.7216 40.1049 -4.6756 2.2033
111 Car -1 -1 -4.3028 212.7587 175.8052 270.0902 202.1351 1.5896 1.6718 4.3536 -23.5877 1.7877 46.2827 -4.7720 1.6852
112 Car -1 -1 -7.8485 576.5412 177.2416 618.9826 220.0339 1.6265 1.6380 4.0380 -0.5439 1.8201 29.8703 -7.8672 5.2809
112 Car -1 -1 -4.2610 200.1213 176.6471 262.6653 204.4929 1.6342 1.7585 4.2923 -23.6088 1.8824 45.1063 -4.7410 2.2667
112 Car -1 -1 -4.1953 136.0844 177.5561 208.7409 208.0882 1.5345 1.5769 3.9834 -23.5237 1.8007 38.8918 -4.7364 1.8847
113 Car -1 -1 -7.8529 578.7882 181.4072 620.7227 220.8973 1.4915 1.6340 3.9194 -0.4736 1.8711 30.0778 -7.8692 4.8461
113 Car -1 -1 -4.3055 191.4030 179.8132 252.6794 206.9182 1.5168 1.6593 4.4057 -23.4917 1.9608 43.8035 -4.7954 2.9857
113 Car -1 -1 -4.1163 119.5882 181.4369 198.5974 210.9670 1.4151 1.6372 3.7980 -23.4534 1.8854 37.6305 -4.6707 2.4494
114 Car -1 -1 -7.8404 577.7882 180.2025 619.9709 221.8521 1.6013 1.6626 3.9440 -0.4890 1.9308 30.4115 -7.8570 5.5276
114 Car -1 -1 -4.2348 178.4025 181.4728 244.7419 209.0072 1.4920 1.6322 4.2902 -23.4686 2.0266 42.6154 -4.7358 2.9524
114 Car -1 -1 -4.1186 101.1673 180.9302 183.2444 213.1926 1.4931 1.6166 3.7758 -23.4380 1.9200 36.2536 -4.6894 2.4787
114 Car -1 -1 -4.4663 236.2030 179.6295 280.2826 204.1640 1.5521 1.7066 4.2573 -23.9243 2.0345 49.1499 -4.9174 0.9419
115 Car -1 -1 -7.8519 578.9092 180.8932 620.3108 221.5350 1.5725 1.6483 4.0200 -0.4867 1.9373 30.7395 -7.8683 6.0614
115 Car -1 -1 -4.0980 82.0188 180.0776 170.4548 213.4100 1.4879 1.6401 3.8401 -23.3861 1.8574 34.9931 -4.6838 3.1267
115 Car -1 -1 -4.2415 164.9937 181.8798 234.8789 209.7216 1.4559 1.7033 4.3063 -23.4231 2.0001 41.3361 -4.7545 2.6708
115 Car -1 -1 -4.3841 225.8238 179.5917 275.6097 204.7984 1.5526 1.6722 4.2321 -23.7732 2.0195 47.8298 -4.8434 1.4965
116 Car -1 -1 -7.8591 578.7880 178.6896 621.0960 220.5311 1.6492 1.7020 4.0517 -0.4923 1.9166 31.0536 -7.8756 6.3554
116 Car -1 -1 -4.0821 63.3680 178.8489 157.7990 213.0552 1.4758 1.6274 3.9269 -23.3185 1.7729 33.8130 -4.6823 2.8456
116 Car -1 -1 -7.3876 149.2808 178.7137 221.9914 208.1176 1.5072 1.7888 4.1442 -23.4297 1.8486 39.9547 -7.9153 2.1544
116 Car -1 -1 -4.2671 214.6547 176.9899 272.5108 203.9560 1.6396 1.7278 4.0954 -23.6008 1.9181 46.5707 -4.7341 1.8563
117 Car -1 -1 -7.8602 580.8853 176.7809 622.0157 216.5648 1.5990 1.6759 3.8577 -0.4318 1.7798 31.3294 -7.8745 5.0933
117 Car -1 -1 -4.0740 40.5241 177.1138 138.5524 212.9619 1.4945 1.6752 3.7189 -23.2894 1.6966 32.4020 -4.6935 2.8655
117 Car -1 -1 -4.2239 131.9167 176.5260 212.2999 207.3519 1.5338 1.7807 4.4849 -23.4168 1.7422 38.7314 -4.7649 2.8010
117 Car -1 -1 -4.2652 203.7643 176.2200 261.2047 203.3115 1.6029 1.6261 3.9676 -23.6028 1.8228 45.1983 -4.7443 1.4227
118 Car -1 -1 -7.8671 581.7962 176.8349 621.7295 216.7222 1.6198 1.6442 3.7747 -0.4342 1.8044 31.5919 -7.8814 4.1416
118 Car -1 -1 -4.0480 18.4532 179.0121 125.2346 213.5980 1.3676 1.5939 3.9589 -23.2030 1.6510 31.2459 -4.6828 2.9835
118 Car -1 -1 -4.2078 116.5093 176.1569 199.8552 208.6616 1.5655 1.7965 4.2950 -23.3236 1.7464 37.3861 -4.7626 2.8256
118 Car -1 -1 -4.7544 193.3769 177.3491 226.3565 203.6465 1.4885 1.5792 4.1954 -24.3546 1.7748 43.7964 -5.2596 0.7414
119 Car -1 -1 -7.8658 581.8256 177.8447 621.9595 217.6815 1.6238 1.6647 3.8996 -0.4299 1.8576 31.8754 -7.8798 4.8368
119 Car -1 -1 -4.0381 0.0000 180.3633 102.2006 219.2807 1.4644 1.7302 3.7448 -23.1944 1.7935 29.7652 -4.6958 3.5345
119 Car -1 -1 -4.2010 100.6055 180.1134 184.6675 212.7265 1.4863 1.6440 4.2416 -23.2399 1.8701 36.0116 -4.7709 2.6952
119 Car -1 -1 -4.2800 177.0755 179.3490 240.9996 207.4288 1.5356 1.6824 4.2102 -23.6234 1.9384 42.6177 -4.7837 0.2250
120 Car -1 -1 -7.8713 582.5494 179.4414 621.9728 219.0029 1.6203 1.6509 3.7549 -0.4255 1.9303 32.0870 -7.8851 4.6450
120 Car -1 -1 -4.0142 0.0000 179.0540 84.4413 223.7152 1.6064 1.6737 4.0646 -23.1996 1.8692 28.5701 -4.6918 2.9276
120 Car -1 -1 -4.1704 80.7132 180.9698 172.4624 215.8339 1.5253 1.7074 4.2544 -23.1758 1.9400 34.7361 -4.7554 2.5701
120 Car -1 -1 -4.5074 195.9434 181.8754 242.0449 208.0974 1.4544 1.6232 4.2496 -23.7246 2.0307 43.8483 -5.0010 -0.1910
121 Car -1 -1 -7.8693 582.7510 180.4255 621.9267 219.4960 1.6050 1.6541 4.0656 -0.4252 1.9673 32.4939 -7.8829 3.8033
121 Car -1 -1 -4.2115 151.1072 182.9290 224.3685 212.8480 1.5112 1.6662 4.2416 -23.3546 2.0998 40.0282 -4.7370 2.8645
121 Car -1 -1 -7.1067 0.0000 182.9526 64.9613 228.2157 1.5130 1.6987 4.2424 -23.1419 1.9242 27.2420 -7.8062 1.5858
121 Car -1 -1 -4.1813 59.3925 183.6662 151.9550 218.2700 1.4348 1.6526 4.0792 -23.1973 1.9652 33.3207 -4.7858 1.4679
122 Car -1 -1 -7.8632 582.2771 179.6034 622.1644 217.9064 1.5869 1.6930 4.0069 -0.4184 1.9107 32.6277 -7.8766 5.0487
122 Car -1 -1 -4.1914 131.9333 182.2869 212.1666 212.3432 1.4667 1.7652 4.3021 -23.4308 2.0011 38.7383 -4.7326 3.4689
122 Car -1 -1 -4.1025 0.0000 181.5904 34.6320 229.5184 1.5404 1.6657 3.8124 -22.9011 1.8777 25.8989 -4.8215 0.1894
122 Car -1 -1 -4.1130 34.3212 183.1033 137.9943 219.3187 1.4394 1.6222 4.1961 -23.1170 1.9236 31.9919 -4.7350 0.1017
122 Car -1 -1 -4.8664 741.7417 157.4044 821.3198 218.1541 1.5000 1.5704 3.3135 4.4967 1.1182 19.5225 -4.6438 -1.7446
123 Car -1 -1 -7.8590 582.4330 178.5332 621.1583 217.1594 1.6193 1.6554 3.9279 -0.4303 1.8928 32.8088 -7.8726 3.7977
123 Car -1 -1 -4.1759 115.6632 181.5920 198.5889 211.7950 1.4238 1.7160 4.2100 -23.3688 1.9017 37.3637 -4.7318 3.2686
123 Car -1 -1 -4.0971 4.1342 179.1419 122.0502 220.9339 1.6129 1.7990 4.3583 -23.1416 1.8994 30.7109 -4.7388 1.1434
123 Car -1 -1 -8.0745 1021.1636 129.3977 1129.3384 194.3688 1.6213 1.6903 3.8087 12.7432 0.5366 20.0818 -7.5155 0.3549
124 Car -1 -1 -7.8739 582.4662 178.2191 621.3788 216.7538 1.6264 1.6749 4.0215 -0.4591 1.8870 33.0586 -7.8884 3.9237
124 Car -1 -1 -4.1605 96.2619 180.2520 184.6016 212.0023 1.4457 1.7171 4.2323 -23.3264 1.8362 35.9822 -4.7325 2.5561
124 Car -1 -1 -4.1009 0.0000 180.8663 103.6233 220.8510 1.4495 1.8086 4.4915 -23.0455 1.8006 29.3607 -4.7621 2.1558
124 Car -1 -1 -5.5724 1142.4534 166.5862 1241.0000 227.2721 1.4858 1.5447 3.2110 16.3521 1.3321 19.3777 -4.8793 -1.5991
125 Car -1 -1 -7.8593 581.3818 179.6555 620.3184 217.8114 1.6125 1.6839 3.8771 -0.4777 1.9430 33.1445 -7.8742 4.7825
125 Car -1 -1 -4.1320 73.5105 181.8771 168.3004 215.1979 1.4464 1.7670 4.1309 -23.3037 1.9038 34.5192 -4.7225 3.9706
125 Car -1 -1 -4.0792 0.0000 179.5300 83.8158 224.9667 1.5855 1.8181 4.5851 -23.1050 1.8677 28.1973 -4.7611 2.8105
125 Car -1 -1 -3.1380 1144.7354 151.4788 1241.0000 202.6863 1.4437 1.6204 3.6445 18.6802 0.8408 22.1342 -2.4436 -1.0355
125 Car -1 -1 -7.3995 801.2043 172.1495 853.5713 198.2522 1.5039 1.6397 3.5339 13.0751 1.4630 43.4267 -7.1093 -1.1027
125 Car -1 -1 -7.8859 989.2662 175.7807 1083.5769 251.6974 1.4015 1.5576 3.4531 8.8993 1.4712 15.3567 -7.3695 -1.1358
126 Car -1 -1 -7.8778 582.3517 180.7871 621.3262 217.7549 1.5626 1.6930 3.9587 -0.4718 1.9514 33.3730 -7.8925 5.2136
126 Car -1 -1 -4.1120 51.1963 182.7655 151.5543 217.1142 1.4262 1.7925 4.0336 -23.2701 1.9091 33.1514 -4.7204 3.7081
126 Car -1 -1 -4.0286 0.0000 180.4283 58.5376 227.7520 1.5667 1.7475 4.3993 -23.0606 1.8712 26.8159 -4.7341 0.6557
126 Car -1 -1 -8.7545 962.5616 122.9043 1241.0000 247.7706 1.5639 1.6425 3.7640 7.4778 0.9380 11.0815 -8.1732 -2.0190
126 Car -1 -1 -6.9999 1010.4525 167.2432 1241.0000 242.1347 1.4671 1.7017 4.1648 10.8914 1.3569 15.1982 -6.3876 -2.1819
127 Car -1 -1 -7.8654 582.4981 177.9832 620.5828 216.3207 1.6467 1.6667 4.1582 -0.4661 1.9006 33.6540 -7.8798 4.1812
127 Car -1 -1 -4.1058 26.5990 182.5367 132.5337 218.0599 1.4079 1.7596 4.0289 -23.2247 1.8607 31.7369 -4.7337 2.5555
127 Car -1 -1 -4.0721 0.0000 182.8045 30.8904 230.6023 1.4669 1.6161 4.4585 -22.8714 1.8483 25.3893 -4.8002 0.6680
128 Car -1 -1 -7.8695 582.8733 176.2069 620.8030 214.6159 1.6685 1.6677 3.9968 -0.4603 1.8343 33.7190 -7.8837 5.1074
128 Car -1 -1 -4.0874 1.2031 179.7423 117.0935 219.5943 1.5238 1.7157 4.2460 -23.1332 1.8348 30.4692 -4.7327 2.7841
129 Car -1 -1 -7.8707 583.3260 178.4871 621.4249 213.3989 1.5069 1.6824 4.2065 -0.4423 1.7884 33.9586 -7.8842 3.7282
129 Car -1 -1 -4.0395 0.0000 179.1915 98.1978 219.6215 1.4740 1.7907 4.3031 -23.1423 1.7486 29.1388 -4.7064 1.3652
130 Car -1 -1 -7.8701 583.6664 177.7921 622.7906 213.6027 1.5567 1.7325 3.9762 -0.3983 1.8024 33.9329 -7.8824 4.5059
130 Car -1 -1 -4.0454 0.0000 179.2901 75.4125 221.1474 1.4592 1.7450 4.1045 -23.0491 1.7258 27.8583 -4.7320 2.5016
130 Car -1 -1 -7.8541 1018.4697 144.3415 1100.0203 207.7059 1.4991 1.6793 3.9966 11.8612 0.8242 19.2136 -7.3079 -1.4136
131 Car -1 -1 -7.8654 584.5964 177.2590 622.5596 213.7687 1.6023 1.6921 3.8854 -0.3727 1.8221 34.1004 -7.8769 3.6372
131 Car -1 -1 -4.0274 0.0000 179.2129 50.3280 223.0753 1.4538 1.7136 4.0378 -23.0234 1.7054 26.5448 -4.7370 2.1859
132 Car -1 -1 -7.8825 585.8341 176.8267 623.5422 213.9459 1.6395 1.6662 3.8643 -0.3430 1.8386 34.2529 -7.8930 3.5319
132 Car -1 -1 -4.0382 0.0000 179.1344 25.0810 227.6003 1.4998 1.6629 4.3350 -22.8997 1.7374 25.1152 -4.7723 0.6644
132 Car -1 -1 -3.3409 980.8346 164.8697 1124.6770 214.5542 1.5801 1.5983 3.8876 14.7541 1.3259 24.3487 -2.8018 -1.7590
133 Car -1 -1 -7.8732 586.6553 177.5524 623.0233 213.4132 1.5869 1.6365 3.8237 -0.3300 1.8230 34.3711 -7.8833 3.8203
133 Car -1 -1 -7.8290 1112.4662 165.0196 1217.2676 243.6781 1.5104 1.6540 3.6900 12.1025 1.3597 15.8153 -7.1851 -1.9819
134 Car -1 -1 -7.8630 587.2531 176.7591 624.7672 212.3640 1.5845 1.6928 3.9144 -0.2551 1.7816 34.5130 -7.8709 5.0061
135 Car -1 -1 -7.8534 588.0817 174.2135 625.8184 210.7190 1.6457 1.7094 4.0890 -0.1914 1.7147 34.7296 -7.8594 4.5677
136 Car -1 -1 -7.8566 588.5422 173.3121 625.9501 208.7582 1.6097 1.7018 4.0202 -0.1841 1.6328 34.8356 -7.8624 4.6830
137 Car -1 -1 -7.8686 590.7661 170.7289 626.2717 205.3532 1.5835 1.6249 3.8249 -0.1463 1.4861 34.9273 -7.8733 3.8507
138 Car -1 -1 -7.8772 590.5893 170.5316 625.7709 204.6068 1.5633 1.6066 3.7919 -0.1748 1.4565 35.0210 -7.8827 4.3002
139 Car -1 -1 -7.8423 589.5959 174.8287 626.1566 210.0609 1.6060 1.6775 3.6980 -0.1256 1.7064 34.9525 -7.8464 4.0212
140 Car -1 -1 -7.8500 588.9101 179.1304 624.7404 215.3111 1.6350 1.6533 3.9432 -0.1924 1.9587 35.2647 -7.8561 4.4753
140 Car -1 -1 -8.3866 726.4430 177.9160 779.6485 202.3675 1.5400 1.6868 4.0296 9.5287 1.8955 48.5285 -8.1943 -1.8268
141 Car -1 -1 -7.8316 589.0976 181.7102 624.0346 216.5319 1.5667 1.6203 3.8194 -0.1688 2.0241 35.3654 -7.8370 3.5449
141 Car -1 -1 -5.5603 965.9945 180.5763 1110.9816 237.1209 1.4339 1.6132 3.3092 12.0650 1.6738 20.6215 -5.0377 -1.1861
141 Car -1 -1 -8.7608 958.6081 204.1728 1167.6082 286.9735 1.4881 1.6929 3.8308 10.1830 2.3008 16.6409 -8.2206 -1.7356
142 Car -1 -1 -7.8498 588.6103 178.4707 624.3629 214.1761 1.6339 1.6666 3.9081 -0.2098 1.9258 35.5887 -7.8563 5.9456
142 Car -1 -1 -7.7836 252.0516 180.0220 282.9725 204.1095 1.5715 1.6801 3.8524 -23.9205 2.0930 50.4234 -8.2247 -0.7734
143 Car -1 -1 -7.8857 588.6902 177.9833 624.5602 213.3608 1.6254 1.6387 3.7711 -0.2531 1.8920 35.6230 -7.8934 3.9406
143 Car -1 -1 -4.2827 241.3190 180.1903 293.3764 204.7806 1.5660 1.6761 4.0234 -23.3124 2.0862 49.1759 -4.7236 0.1054
