0 Car -1 -1 -8.0509 604.2332 174.4441 684.8709 237.1848 1.6190 1.6436 3.3143 0.8465 1.6677 20.4734 -8.0110 7.3421
0 Car -1 -1 -4.5122 422.4401 178.5725 464.8213 205.9194 1.5313 1.7132 3.9944 -9.9521 1.8898 43.2639 -4.7373 2.9653
0 Car -1 -1 -4.4341 346.4913 181.2309 392.5673 208.6674 1.4816 1.6594 3.3858 -13.8940 1.9860 41.7445 -4.7539 2.8383
0 Car -1 -1 -2.3273 0.0000 156.9364 52.0741 238.9661 1.5375 1.6478 3.9170 -13.7881 1.2389 14.4683 -3.0794 -0.7267
1 Car -1 -1 -8.0519 600.1988 174.2690 680.9236 236.0947 1.6024 1.6473 3.3504 0.7367 1.6459 20.5691 -8.0175 6.8399
1 Car -1 -1 -4.4029 336.1912 180.6732 385.4007 209.9895 1.4959 1.5529 3.4946 -13.6279 1.9430 39.5217 -4.7332 3.9303
1 Car -1 -1 -4.5260 414.9872 178.9974 458.9779 208.0683 1.5156 1.6734 4.0875 -9.7039 1.8785 40.5768 -4.7596 3.4315
1 Car -1 -1 -7.0503 382.2426 180.3094 441.9359 204.5345 1.5250 1.6742 3.7870 -13.3522 2.0496 48.7415 -7.3167 -1.8573
2 Car -1 -1 -8.0416 597.0474 175.7346 676.2546 237.1472 1.5902 1.6434 3.3451 0.6290 1.6794 20.6316 -8.0124 7.1817
2 Car -1 -1 -4.3935 324.4568 181.4851 377.0118 212.5856 1.4969 1.5944 3.3201 -13.3948 1.9633 37.3383 -4.7360 4.9961
2 Car -1 -1 -4.4951 404.0059 180.9084 454.1803 211.7498 1.4733 1.6651 4.2364 -9.4232 1.9180 37.7246 -4.7387 3.6082
3 Car -1 -1 -8.0372 593.5909 178.3586 671.9792 240.0586 1.5939 1.6385 3.3979 0.5223 1.7658 20.7694 -8.0133 7.2789
3 Car -1 -1 -4.3941 310.2862 182.9665 367.1252 216.1889 1.4948 1.6196 3.3651 -13.2160 2.0122 35.2206 -4.7509 5.3939
3 Car -1 -1 -4.4867 392.0167 182.4668 446.1031 215.6414 1.4575 1.6694 4.0049 -9.2012 1.9492 34.9029 -4.7430 4.6887
4 Car -1 -1 -8.0255 590.7964 178.2561 668.7644 240.7873 1.6195 1.6725 3.3481 0.4375 1.7880 20.7757 -8.0057 7.1048
4 Car -1 -1 -4.3660 295.2784 184.1912 356.8392 220.0936 1.5047 1.5737 3.3372 -12.9538 2.0493 32.9938 -4.7378 5.3916
4 Car -1 -1 -4.4681 375.5856 183.8133 437.4605 220.8352 1.4798 1.7047 4.0912 -9.0155 1.9990 32.1329 -4.7399 3.6467
5 Car -1 -1 -8.0143 588.8900 178.4800 664.5607 240.4768 1.6123 1.6483 3.3602 0.3534 1.7886 20.8689 -7.9985 6.7901
5 Car -1 -1 -4.3330 276.1685 184.1555 344.3239 221.7794 1.4682 1.5632 3.3201 -12.7712 1.9769 30.8269 -4.7230 5.1856
5 Car -1 -1 -4.4360 354.8706 183.3903 427.3166 224.0829 1.4742 1.7395 4.1429 -8.8297 1.9322 29.3026 -4.7266 4.0574
6 Car -1 -1 -8.0092 587.2409 179.0463 661.5853 240.4583 1.6010 1.6411 3.2920 0.2903 1.7951 20.9079 -7.9965 6.5956
6 Car -1 -1 -4.3200 253.3465 184.6684 328.6460 225.9567 1.4851 1.5724 3.3118 -12.5935 1.9802 28.5807 -4.7320 5.3577
6 Car -1 -1 -4.4105 330.5999 183.9842 412.7388 229.4067 1.4703 1.6988 4.1042 -8.6583 1.9095 26.4288 -4.7246 5.0371
7 Car -1 -1 -8.0115 584.4660 180.6329 659.2453 241.7388 1.5895 1.6553 3.2746 0.2173 1.8339 20.9541 -8.0022 7.7988
7 Car -1 -1 -4.3815 300.1066 186.8479 394.6210 238.2298 1.4505 1.6566 4.0211 -8.4657 1.9450 23.4900 -4.7243 5.8065
7 Car -1 -1 -4.2827 226.9249 186.4830 310.1659 231.4965 1.4787 1.5289 3.2240 -12.3989 2.0058 26.3002 -4.7197 4.8414
8 Car -1 -1 -8.0151 582.2077 181.2818 656.4222 242.3779 1.5901 1.6253 3.3499 0.1438 1.8565 21.0511 -8.0093 6.7137
8 Car -1 -1 -4.3450 254.7505 187.2107 371.4928 248.1070 1.4860 1.7115 4.0713 -8.3683 1.9368 20.6204 -4.7265 5.2884
8 Car -1 -1 -4.2685 191.9337 187.7606 286.8866 238.0042 1.4931 1.5745 3.2123 -12.2834 2.0229 24.0314 -4.7369 4.9007
9 Car -1 -1 -7.9983 581.0576 180.5556 653.7628 241.5333 1.5971 1.6441 3.3048 0.0907 1.8407 21.0924 -7.9950 6.7465
9 Car -1 -1 -4.2828 194.4592 188.5332 341.2954 259.5757 1.4620 1.7118 4.0165 -8.2606 1.8909 17.7444 -4.7132 5.9360
9 Car -1 -1 -4.2194 147.9118 187.9250 258.7952 244.3806 1.5100 1.5955 3.1487 -12.1730 1.9966 21.7285 -4.7251 4.5100
9 Car -1 -1 -4.4781 133.9530 185.2712 210.5326 228.2896 1.5867 1.7588 4.4110 -18.3304 2.1494 30.3484 -5.0179 -2.0942
10 Car -1 -1 -7.9861 579.5624 180.0858 650.6041 240.6167 1.5943 1.6375 3.3395 0.0239 1.8240 21.1883 -7.9859 6.1717
10 Car -1 -1 -4.2115 107.0800 189.0488 298.8770 275.2051 1.4484 1.6940 3.9830 -8.1807 1.8268 14.8762 -4.7071 5.7078
10 Car -1 -1 -4.1850 92.9768 187.4306 221.9491 250.2356 1.4919 1.5939 3.0756 -12.0903 1.9154 19.4186 -4.7360 2.8384
11 Car -1 -1 -7.9813 576.9772 178.9424 646.9814 238.8630 1.5882 1.6246 3.3769 -0.0669 1.7824 21.2667 -7.9853 6.7303
11 Car -1 -1 -4.1075 0.0000 190.9435 240.5260 302.6450 1.4452 1.7536 4.0748 -8.1757 1.7985 12.0538 -4.6935 4.6117
11 Car -1 -1 -4.0938 22.3325 187.8291 187.3824 257.2816 1.4284 1.5454 3.3755 -11.9560 1.8220 17.2771 -4.6922 0.2550
12 Car -1 -1 -7.9810 574.0382 178.8737 643.8508 238.7049 1.5896 1.6271 3.3435 -0.1551 1.7817 21.2915 -7.9891 6.6802
12 Car -1 -1 -3.9908 0.0000 191.7361 143.5882 350.7499 1.4653 1.7121 4.0532 -8.1588 1.7580 9.1657 -4.7038 3.8517
12 Car -1 -1 -4.0324 0.0000 188.0281 129.6643 270.1381 1.4294 1.5499 3.3864 -11.8875 1.7782 14.8952 -4.6974 2.6666
13 Car -1 -1 -7.9603 572.3227 178.9931 640.4693 238.9553 1.5999 1.6528 3.2992 -0.2285 1.7959 21.3423 -7.9718 6.8215
13 Car -1 -1 -3.9721 0.0000 190.6066 50.8906 295.0609 1.4805 1.5707 3.4219 -11.8636 1.8307 12.5271 -4.7197 1.8096
14 Car -1 -1 -7.9767 568.2535 178.1593 636.9217 237.6352 1.5879 1.6062 3.4227 -0.3442 1.7581 21.3918 -7.9935 6.1829
14 Car -1 -1 -7.6910 991.6097 181.4561 1042.2252 215.0455 1.6313 1.7057 4.1482 21.5992 2.1133 38.3001 -7.1814 -1.9169
15 Car -1 -1 -7.9596 567.4233 177.5562 634.5514 236.9691 1.5958 1.6264 3.3576 -0.3895 1.7467 21.4270 -7.9784 6.3529
16 Car -1 -1 -7.9500 565.5636 176.2222 631.6516 234.7380 1.5817 1.6309 3.3449 -0.4596 1.6898 21.4621 -7.9720 5.8826
16 Car -1 -1 -8.4386 1011.1362 183.3419 1094.4686 217.0989 1.5325 1.6873 3.8224 21.8885 2.0824 35.9088 -7.8954 -1.9270
17 Car -1 -1 -7.9405 563.8307 175.7527 628.7606 234.5525 1.5951 1.6326 3.2904 -0.5263 1.6880 21.4695 -7.9656 5.7096
18 Car -1 -1 -7.9434 561.3286 176.5869 626.3612 235.6587 1.6009 1.6299 3.2831 -0.5995 1.7208 21.4989 -7.9718 5.7744
19 Car -1 -1 -7.9330 560.6298 177.1613 624.5787 235.7929 1.5914 1.6365 3.2544 -0.6361 1.7299 21.5414 -7.9630 6.3435
20 Car -1 -1 -7.9295 559.7350 177.5311 623.1714 236.0997 1.5925 1.6366 3.2713 -0.6720 1.7434 21.6063 -7.9610 5.9011
21 Car -1 -1 -7.9087 561.4733 177.6001 622.9815 236.4465 1.6062 1.6508 3.1986 -0.6466 1.7591 21.6266 -7.9391 5.3575
21 Car -1 -1 -5.8962 57.9340 172.1999 151.4477 203.0111 1.6150 1.7391 3.7718 -27.3248 1.5804 39.0793 -6.5033 -0.9217
21 Car -1 -1 -7.0458 1126.0842 186.6570 1241.0000 225.8956 1.4114 1.6213 3.5897 22.0284 1.9581 27.6185 -6.3782 -2.0484
22 Car -1 -1 -7.9120 560.6176 178.0445 622.1409 237.0638 1.6090 1.6393 3.3184 -0.6763 1.7772 21.7003 -7.9436 6.0770
23 Car -1 -1 -7.9093 561.3430 178.4567 622.0056 237.0509 1.5991 1.6270 3.2650 -0.6658 1.7806 21.7131 -7.9404 5.9399
24 Car -1 -1 -7.8968 562.7528 177.8145 622.6453 236.2226 1.5990 1.6446 3.2829 -0.6356 1.7598 21.7380 -7.9265 5.6247
24 Car -1 -1 -5.7482 0.0000 169.5870 114.7930 202.4557 1.5576 1.6311 4.3212 -27.0134 1.4025 35.2523 -6.3985 -0.2027
24 Car -1 -1 -4.7718 1116.6393 160.2024 1154.2983 186.4039 1.6412 1.7520 3.8385 34.3475 0.8484 47.2843 -4.1467 -1.8811
25 Car -1 -1 -7.8865 563.9712 177.1873 623.2810 235.4658 1.6036 1.6574 3.2518 -0.6039 1.7441 21.7755 -7.9147 6.3655
26 Car -1 -1 -7.8824 563.3262 175.4478 623.9641 234.5084 1.6364 1.6969 3.2146 -0.5957 1.7203 21.7890 -7.9102 6.1570
27 Car -1 -1 -7.8759 564.5488 174.8997 624.6934 233.4527 1.6261 1.6836 3.2684 -0.5569 1.6924 21.8272 -7.9020 6.5260
28 Car -1 -1 -7.8863 566.2531 174.7821 625.5378 232.3570 1.6039 1.6657 3.2998 -0.5385 1.6666 21.9084 -7.9114 5.5056
29 Car -1 -1 -7.8906 567.4684 174.7629 626.6476 232.0448 1.5999 1.6610 3.2179 -0.5058 1.6620 21.9195 -7.9142 6.3338
30 Car -1 -1 -7.8637 567.9301 174.0507 627.4235 231.2097 1.6038 1.6770 3.2611 -0.4459 1.6426 21.9696 -7.8846 5.8338
31 Car -1 -1 -7.8839 569.6027 174.4734 628.7193 231.6749 1.6079 1.6738 3.2438 -0.4362 1.6608 22.0380 -7.9042 5.7886
32 Car -1 -1 -7.8767 570.6363 175.4300 630.0064 233.1800 1.6243 1.6853 3.2298 -0.3890 1.7088 22.0894 -7.8949 7.1016
33 Car -1 -1 -7.8762 571.9017 176.1953 631.5895 234.3569 1.6371 1.6988 3.1977 -0.3447 1.7468 22.1271 -7.8925 6.3450
34 Car -1 -1 -7.8861 573.2426 177.4171 632.0635 234.8600 1.6180 1.6823 3.1704 -0.3338 1.7684 22.2055 -7.9018 6.6053
34 Car -1 -1 -5.0349 958.0732 196.2233 1033.8818 237.4810 1.4973 1.6140 4.0536 16.2817 2.5611 30.7269 -4.5524 -2.1024
35 Car -1 -1 -7.8585 574.0333 177.6055 632.9840 234.6413 1.6120 1.6889 3.1437 -0.2616 1.7686 22.2430 -7.8709 6.3498
36 Car -1 -1 -7.8819 575.9120 175.2457 634.3148 232.9071 1.6446 1.6807 3.2954 -0.2545 1.7242 22.3993 -7.8939 6.7636
37 Car -1 -1 -7.8808 577.2235 175.1764 634.4897 231.1466 1.6025 1.6537 3.2062 -0.2282 1.6797 22.4277 -7.8916 5.7886
38 Car -1 -1 -7.8782 577.5645 175.2484 635.3417 231.2737 1.6100 1.6747 3.2603 -0.2066 1.6900 22.5347 -7.8881 5.5395
39 Car -1 -1 -7.8738 578.2882 175.4979 635.1479 231.9839 1.6299 1.6551 3.2107 -0.1905 1.7184 22.6010 -7.8830 6.1570
40 Car -1 -1 -7.8750 578.5693 175.9039 635.4072 231.9307 1.6227 1.6626 3.2106 -0.1843 1.7252 22.7041 -7.8838 6.9262
41 Car -1 -1 -7.8662 578.3700 175.9769 635.1839 231.8716 1.6254 1.6680 3.1990 -0.1762 1.7307 22.7795 -7.8747 5.8799
42 Car -1 -1 -7.8566 578.3057 176.3817 635.2989 231.5822 1.6112 1.6804 3.1877 -0.1596 1.7305 22.8675 -7.8643 6.8975
43 Car -1 -1 -7.8593 579.1161 176.7342 635.0309 231.7790 1.6104 1.6542 3.1839 -0.1557 1.7420 22.9375 -7.8668 5.9418
44 Car -1 -1 -7.8613 579.1838 178.5925 635.4755 233.1558 1.5969 1.6747 3.1628 -0.1512 1.7925 23.0456 -7.8686 6.3994
45 Car -1 -1 -7.8595 579.3802 179.4065 635.4902 234.7621 1.6221 1.6748 3.2024 -0.1452 1.8466 23.1371 -7.8665 5.4051
46 Car -1 -1 -7.8639 579.0573 179.1191 635.6841 234.7007 1.6367 1.6975 3.2115 -0.1552 1.8522 23.2328 -7.8714 6.2139
47 Car -1 -1 -7.8496 578.3741 179.1169 634.2643 233.5956 1.6104 1.6812 3.2297 -0.1651 1.8266 23.3186 -7.8574 6.0482
48 Car -1 -1 -7.8541 578.0845 178.7922 633.6083 232.2511 1.5860 1.6756 3.2315 -0.1883 1.7916 23.3907 -7.8629 5.8147
49 Car -1 -1 -7.8511 577.8680 179.5696 632.7875 232.6055 1.5753 1.6632 3.2715 -0.2006 1.8088 23.4876 -7.8604 5.9089
50 Car -1 -1 -7.8484 577.8275 179.3831 632.2402 233.2925 1.6113 1.6560 3.2148 -0.2061 1.8388 23.5666 -7.8579 5.5658
51 Car -1 -1 -7.8511 576.4395 179.4850 630.7474 233.4917 1.6198 1.6591 3.2046 -0.2582 1.8516 23.6458 -7.8627 5.4727
52 Car -1 -1 -7.8590 576.0791 179.1725 630.0618 232.5033 1.6038 1.6534 3.2287 -0.2892 1.8254 23.7137 -7.8719 5.9962
53 Car -1 -1 -7.8426 574.6949 178.2218 628.7433 231.1704 1.6029 1.6609 3.2346 -0.3066 1.7916 23.7902 -7.8562 6.1099
54 Car -1 -1 -7.8517 574.6660 177.8475 628.4855 231.0352 1.6173 1.6596 3.1898 -0.3273 1.7931 23.8456 -7.8661 6.3554
55 Car -1 -1 -7.8459 573.4003 177.0589 626.5462 229.4361 1.5990 1.6425 3.3206 -0.3716 1.7480 23.9616 -7.8621 6.3443
56 Car -1 -1 -7.8506 571.8860 175.6378 625.7299 227.8486 1.6051 1.6689 3.2169 -0.4185 1.7035 23.9750 -7.8686 5.9414
57 Car -1 -1 -7.8465 569.8702 174.5505 624.0662 227.9108 1.6516 1.6856 3.1768 -0.4737 1.7115 24.0330 -7.8667 6.4247
58 Car -1 -1 -7.8430 569.6437 177.5493 622.7878 230.1043 1.6161 1.6565 3.3070 -0.4945 1.7838 24.1466 -7.8640 6.8488
59 Car -1 -1 -7.8603 568.8788 181.3008 622.2440 232.9449 1.5748 1.6689 3.2658 -0.5473 1.8772 24.2004 -7.8835 5.1895
59 Car -1 -1 -4.7039 730.4737 184.9815 759.2904 211.9486 1.6034 1.7698 4.2235 8.7910 2.4334 47.1580 -4.5213 -1.7774
60 Car -1 -1 -7.8464 567.9046 183.2537 621.1353 236.0594 1.6064 1.6677 3.2610 -0.5592 1.9791 24.2404 -7.8701 5.8822
61 Car -1 -1 -7.8377 566.9921 182.0266 619.2883 233.7985 1.5854 1.6436 3.2468 -0.5921 1.9148 24.3042 -7.8627 6.5470
62 Car -1 -1 -7.8368 565.2923 174.0262 617.9694 225.7051 1.6230 1.6600 3.2533 -0.6426 1.6649 24.3686 -7.8636 5.7016
63 Car -1 -1 -7.8287 565.3646 170.3653 617.2548 221.0750 1.6036 1.6410 3.2124 -0.6414 1.5246 24.4248 -7.8553 6.2044
64 Car -1 -1 -7.8345 564.8267 172.0736 617.7335 222.6814 1.6035 1.6765 3.2181 -0.6535 1.5784 24.4767 -7.8616 5.6000
64 Car -1 -1 -4.9681 1050.2852 171.2299 1097.6017 195.0656 1.4549 1.5859 3.9273 29.5739 1.3555 46.1547 -4.4014 -1.3066
65 Car -1 -1 -7.8500 564.9454 176.3544 617.5209 227.1292 1.5956 1.6695 3.2227 -0.6827 1.7222 24.5298 -7.8783 6.3500
65 Car -1 -1 -4.2338 1068.0521 171.6961 1134.8290 197.5553 1.5290 1.6836 4.1529 30.2140 1.4602 44.3948 -3.6396 0.7039
65 Car -1 -1 -4.6455 518.3839 178.4983 538.2556 194.6168 1.4697 1.6513 3.5831 -7.7943 2.0226 68.8972 -4.7581 -0.1261
66 Car -1 -1 -7.8401 564.5042 178.6980 616.3652 230.0559 1.6079 1.6507 3.2320 -0.6946 1.8199 24.5877 -7.8688 5.1440
66 Car -1 -1 -3.6921 1087.7184 172.6298 1187.1432 200.5356 1.5889 1.6998 4.4561 30.6669 1.5758 42.0987 -3.0661 1.8204
66 Car -1 -1 -4.6452 513.9272 180.5519 536.0723 198.7912 1.5687 1.7362 4.1839 -7.7632 2.2952 65.9914 -4.7622 -0.8806
67 Car -1 -1 -7.8346 564.1107 178.2168 615.5453 229.1828 1.6038 1.6435 3.2786 -0.7085 1.7993 24.6991 -7.8638 5.9453
67 Car -1 -1 -3.9841 1102.7870 171.9338 1195.9624 200.8393 1.5917 1.7818 4.3958 30.6231 1.5407 41.0517 -3.3469 0.7789
67 Car -1 -1 -8.2546 1106.8450 173.7287 1168.0693 201.5043 1.7197 1.7204 4.1519 34.2519 1.7791 47.0294 -7.6285 -1.6610
68 Car -1 -1 -7.8468 563.8884 176.4276 615.7999 226.9892 1.6030 1.6632 3.2365 -0.7302 1.7333 24.7436 -7.8768 6.0578
68 Car -1 -1 -4.5702 505.2632 179.8351 530.8392 198.1392 1.4302 1.5835 3.7642 -7.6026 2.0260 59.7176 -4.6966 1.0965
68 Car -1 -1 -3.7553 1124.1173 170.6624 1228.7635 200.2782 1.5699 1.6507 4.3102 30.6471 1.4535 39.1727 -3.0953 0.5642
69 Car -1 -1 -7.8246 564.1036 175.4089 615.9346 225.8304 1.6067 1.6638 3.2911 -0.6873 1.7001 24.8059 -7.8527 5.6899
69 Car -1 -1 -3.8704 1144.6830 171.0590 1241.0000 201.0578 1.5352 1.6378 3.9659 30.5594 1.4430 37.8484 -3.1953 1.7849
69 Car -1 -1 -4.6215 500.5308 179.3795 525.4335 198.2268 1.3963 1.6017 3.8228 -7.6240 1.9268 56.7458 -4.7548 0.7862
70 Car -1 -1 -7.8474 565.0143 174.1918 615.9233 224.6314 1.6194 1.6413 3.2177 -0.7133 1.6682 24.8783 -7.8765 6.0599
70 Car -1 -1 -4.5608 494.0984 177.6995 523.4185 197.9664 1.4310 1.6288 3.6385 -7.5204 1.8032 53.6495 -4.6997 1.7891
70 Car -1 -1 -3.8541 1163.8518 171.4884 1241.0000 202.7567 1.5393 1.7078 4.4064 30.7527 1.4718 36.4080 -3.1570 1.5116
70 Car -1 -1 -4.6480 547.8193 175.4497 567.8454 191.8817 1.4779 1.6295 3.7469 -4.8656 1.7267 67.3674 -4.7202 0.6900
70 Car -1 -1 -7.1772 1176.1609 165.6918 1241.0000 192.4896 1.5226 1.7706 4.2025 35.7280 1.1154 42.2735 -6.4791 -1.8374
71 Car -1 -1 -7.8319 564.5786 173.6438 616.0100 223.8715 1.6201 1.6626 3.1887 -0.6948 1.6488 24.9230 -7.8602 6.2699
71 Car -1 -1 -4.6102 489.0399 177.9164 517.4203 199.1076 1.4054 1.6024 3.6907 -7.4861 1.7735 50.6286 -4.7566 2.2259
71 Car -1 -1 -7.0138 1186.5782 171.8735 1241.0000 204.2458 1.5322 1.6991 4.0034 30.6233 1.4855 35.0345 -6.3000 0.9436
71 Car -1 -1 -4.5868 544.5254 174.7098 569.5312 193.3295 1.5879 1.7156 4.0982 -4.6900 1.7577 64.0412 -4.6600 0.3785
72 Car -1 -1 -7.8231 565.0114 175.1369 616.0227 224.7884 1.5997 1.6544 3.2424 -0.6742 1.6837 25.0204 -7.8505 5.7897
72 Car -1 -1 -4.5718 480.3154 179.7327 512.8943 202.7818 1.4225 1.6101 3.7580 -7.4630 1.8935 47.5481 -4.7270 2.5184
72 Car -1 -1 -4.6106 542.0711 176.6469 566.2243 196.2608 1.5702 1.6366 3.8576 -4.6738 1.8980 60.4657 -4.6878 0.4112
73 Car -1 -1 -7.8304 564.9554 175.3516 616.2063 225.4218 1.6152 1.6650 3.2913 -0.6855 1.7074 25.0889 -7.8582 5.8749
73 Car -1 -1 -4.5479 471.5366 180.4355 509.1443 205.8801 1.4624 1.6907 3.7798 -7.3636 1.9494 44.4876 -4.7114 3.1189
73 Car -1 -1 -4.5885 538.5583 176.8208 566.8387 196.9553 1.5112 1.7256 4.2279 -4.5256 1.8370 57.1548 -4.6675 1.9213
73 Car -1 -1 -6.9279 972.9544 169.1423 1064.4784 198.6281 1.6554 1.6698 4.5013 23.5156 1.4468 41.6376 -6.4171 -1.5633
74 Car -1 -1 -7.8428 566.3649 174.6480 617.6629 225.3600 1.6460 1.6738 3.2526 -0.6594 1.7124 25.1750 -7.8694 5.9724
74 Car -1 -1 -4.5559 462.7505 180.7716 502.4902 208.0398 1.4524 1.6745 3.8101 -7.3042 1.9282 41.4650 -4.7297 4.7658
74 Car -1 -1 -4.5993 536.3990 177.6620 564.9771 198.2281 1.4429 1.6697 4.0816 -4.4000 1.8139 53.6544 -4.6811 1.0692
75 Car -1 -1 -7.8469 566.5175 175.2688 617.0852 224.6165 1.6020 1.6534 3.2075 -0.6747 1.6915 25.2028 -7.8741 5.6086
75 Car -1 -1 -4.5325 452.0522 182.8651 495.3727 212.0056 1.4226 1.6216 3.7252 -7.2308 1.9806 38.3732 -4.7179 3.2313
75 Car -1 -1 -4.6589 532.3599 177.9082 560.3915 199.8643 1.4355 1.7316 3.9576 -4.4109 1.8002 50.1061 -4.7466 1.5796
76 Car -1 -1 -7.8265 566.4952 174.9387 617.1255 224.9588 1.6312 1.6607 3.2076 -0.6417 1.7085 25.2690 -7.8523 6.4514
76 Car -1 -1 -4.5232 437.9190 183.0488 485.2266 215.4736 1.4517 1.6127 3.6013 -7.2333 1.9751 35.2535 -4.7245 3.2303
76 Car -1 -1 -4.6153 525.4702 178.3125 558.9120 202.1468 1.4426 1.7630 4.1317 -4.3735 1.8111 46.6878 -4.7086 1.8860
77 Car -1 -1 -7.8424 567.0294 174.5886 617.3574 224.6024 1.6362 1.6549 3.2694 -0.6571 1.7008 25.3658 -7.8688 6.3224
77 Car -1 -1 -4.5198 420.7066 183.4862 474.2856 218.9003 1.4375 1.6488 3.7544 -7.2524 1.9415 32.3264 -4.7392 4.1495
77 Car -1 -1 -4.6280 519.3689 178.6814 554.4115 204.0666 1.4150 1.7458 4.1833 -4.3711 1.7813 43.2910 -4.7284 2.8666
78 Car -1 -1 -7.8344 567.0654 178.1792 618.0344 228.1832 1.6239 1.6798 3.2391 -0.6321 1.8231 25.4026 -7.8598 7.1619
78 Car -1 -1 -4.6135 512.4370 181.8302 550.8145 210.7404 1.4594 1.6994 4.2129 -4.3101 1.9811 39.8495 -4.7210 4.2423
78 Car -1 -1 -4.4902 400.9634 187.8192 462.8206 227.7332 1.4378 1.6541 3.6975 -7.1849 2.0828 29.2509 -4.7296 3.7225
79 Car -1 -1 -7.8323 566.9294 183.8285 616.9879 233.0260 1.5740 1.6523 3.2631 -0.6502 1.9857 25.4496 -7.8584 6.3231
79 Car -1 -1 -4.5999 504.5221 187.7433 547.6904 220.3607 1.4670 1.7161 4.0255 -4.2011 2.2575 36.3067 -4.7149 5.0818
79 Car -1 -1 -4.4576 376.9892 194.4611 446.3744 240.4361 1.4404 1.5421 3.6791 -7.1557 2.2797 26.1896 -4.7224 3.9340
80 Car -1 -1 -7.8310 568.2708 183.6932 618.3983 233.2220 1.5910 1.6594 3.2324 -0.6012 1.9981 25.5030 -7.8552 5.5205
80 Car -1 -1 -4.5953 493.8325 188.5555 541.2888 224.5937 1.4511 1.6764 4.1153 -4.1914 2.2121 32.9178 -4.7216 4.5057
80 Car -1 -1 -4.4346 344.7112 196.8030 428.0253 248.9455 1.4083 1.5439 3.8772 -7.1360 2.2439 23.2329 -4.7301 3.7609
81 Car -1 -1 -7.8335 569.0320 182.4899 618.7552 231.6504 1.5855 1.6485 3.3136 -0.5865 1.9490 25.5804 -7.8570 6.3759
81 Car -1 -1 -4.5897 481.4463 187.3641 534.7552 228.0652 1.4613 1.6558 4.1733 -4.1331 2.0965 29.5026 -4.7283 4.6180
81 Car -1 -1 -4.3969 301.0017 197.2339 403.3391 257.7813 1.4024 1.5723 3.7980 -7.1208 2.1482 20.1682 -4.7328 4.2842
82 Car -1 -1 -4.5635 463.4383 186.9424 526.7240 234.2607 1.4920 1.6592 4.0812 -4.0999 2.0396 26.0149 -4.7189 5.8069
82 Car -1 -1 -7.8286 569.3827 181.9070 618.8682 231.3237 1.6001 1.6439 3.2857 -0.5708 1.9418 25.6110 -7.8515 5.3785
82 Car -1 -1 -4.3322 243.5281 198.8976 372.0929 272.4214 1.4148 1.4988 3.7399 -7.0410 2.0989 17.0869 -4.7182 4.3188
83 Car -1 -1 -7.8283 569.7174 179.6066 619.3870 229.7399 1.6377 1.6533 3.2742 -0.5561 1.8928 25.6522 -7.8505 5.7592
83 Car -1 -1 -4.5425 440.2852 185.9354 516.1577 241.2339 1.5006 1.6535 4.1349 -4.0730 1.9482 22.6331 -4.7192 5.3279
83 Car -1 -1 -4.2618 150.0587 201.0307 330.4081 292.5077 1.3966 1.5886 3.8181 -7.0442 2.0219 14.1077 -4.7179 5.3102
83 Car -1 -1 -8.0726 792.7376 169.7856 828.7068 193.0683 2.0877 2.1362 5.2298 18.6523 1.8123 67.3641 -7.8040 1.8051
84 Car -1 -1 -7.8244 569.5872 178.3879 619.1523 227.2999 1.6065 1.6536 3.2005 -0.5574 1.8154 25.6682 -7.8467 6.1730
84 Car -1 -1 -4.5159 408.6381 184.5853 501.7945 250.0584 1.4913 1.6321 4.1499 -4.0483 1.8381 19.2631 -4.7210 5.7503
84 Car -1 -1 -4.1918 6.3910 203.1228 259.6903 328.9512 1.4389 1.5326 3.6839 -7.0107 1.9792 11.0179 -4.7480 4.8724
84 Car -1 -1 -8.1269 796.1314 168.2118 832.8811 189.3969 1.8524 1.9877 4.7494 18.4720 1.4462 65.4645 -7.8534 0.1657
84 Car -1 -1 -5.0363 826.9233 159.1148 882.7603 192.0676 2.3893 2.1617 6.2445 18.6634 1.3928 55.4395 -4.7134 -0.6998
85 Car -1 -1 -7.8335 570.6050 175.4855 621.0230 224.9473 1.6393 1.6830 3.2251 -0.5215 1.7386 25.6981 -7.8543 5.7438
85 Car -1 -1 -4.4712 358.7084 184.6654 482.5540 266.4872 1.4914 1.6484 4.1502 -4.0290 1.7843 15.8312 -4.7172 5.0061
85 Car -1 -1 -4.0223 0.0000 206.5902 162.2506 374.0000 1.4076 1.6551 3.8820 -7.0157 1.8716 7.9756 -4.7274 3.6743
85 Car -1 -1 -8.1619 835.4268 156.2668 890.8845 191.4210 2.4775 2.1745 5.9686 18.7526 1.3082 53.8613 -7.8288 -1.7626
85 Car -1 -1 -8.1592 803.6693 164.4954 841.6834 187.0983 1.9332 1.8860 4.7505 18.8107 1.2180 64.1067 -7.8752 -2.1633
86 Car -1 -1 -4.4160 279.1897 186.8154 455.2499 297.3969 1.5137 1.6749 4.1924 -4.0075 1.7962 12.5108 -4.7207 6.0483
86 Car -1 -1 -7.8422 570.7526 175.9902 621.2117 224.7660 1.6127 1.6836 3.3112 -0.5304 1.7314 25.7332 -7.8633 5.6652
86 Car -1 -1 -8.0802 805.3792 166.5182 843.8171 190.0567 1.9607 2.0647 5.2461 18.5775 1.4326 62.7828 -7.7941 0.9352
86 Car -1 -1 -8.0589 848.0811 155.3198 896.0078 193.1493 2.5873 2.1248 5.7048 18.8730 1.3878 52.3216 -7.7148 -1.7753
87 Car -1 -1 -7.8476 570.7324 177.6159 620.4281 226.7619 1.6203 1.6610 3.2586 -0.5546 1.8008 25.7495 -7.8697 6.4131
87 Car -1 -1 -4.3195 128.4533 193.3247 412.1463 354.1676 1.4722 1.6749 4.2149 -3.9979 1.7943 9.2536 -4.7177 5.9838
87 Car -1 -1 -8.0792 811.0381 167.1386 851.5574 191.6174 1.9904 2.1643 5.2238 18.7158 1.5253 61.3485 -7.7847 3.0351
87 Car -1 -1 -5.0386 846.8302 161.4908 895.9246 190.0953 1.9498 1.8759 4.6889 18.5605 1.1749 51.5430 -4.6950 -1.2232
88 Car -1 -1 -4.1575 0.0000 201.6474 332.4563 374.0000 1.4848 1.6953 4.1787 -3.9657 1.8051 5.9343 -4.7268 6.0040
88 Car -1 -1 -7.8436 570.4211 178.2005 620.3260 226.8490 1.6027 1.6697 3.2971 -0.5558 1.8058 25.7935 -7.8657 5.4483
88 Car -1 -1 -8.1396 813.7424 167.9726 859.0667 191.5772 1.8706 2.1245 5.4443 18.6892 1.4834 59.9170 -7.8389 2.2507
88 Car -1 -1 -1.5863 6.0230 205.9643 133.9097 308.9456 1.4067 1.6609 3.9802 -9.9725 2.1118 13.2851 -2.2209 -0.7346
89 Car -1 -1 -7.8459 570.7751 177.9570 620.7700 226.7795 1.6096 1.6728 3.3015 -0.5456 1.8035 25.7974 -7.8676 6.4029
89 Car -1 -1 -3.8479 0.0000 208.8246 155.9980 374.0000 1.5283 1.6911 4.0718 -3.8977 1.7711 2.8101 -4.7488 2.2096
89 Car -1 -1 -8.0846 823.9377 166.0880 865.5799 192.8473 2.0630 2.0353 5.2516 18.8727 1.5411 58.3266 -7.7735 1.2224
89 Car -1 -1 -4.9243 791.5012 169.9220 820.4125 188.0118 1.6750 1.8156 4.1857 18.6612 1.4032 68.9445 -4.6613 -0.5484
90 Car -1 -1 -7.8525 570.5668 177.1950 620.8016 226.4600 1.6290 1.6823 3.2785 -0.5604 1.7939 25.8066 -7.8748 6.1498
90 Car -1 -1 -8.0911 792.1243 169.8931 826.0601 189.3053 1.7681 2.0207 4.7298 18.7178 1.4981 68.1145 -7.8243 1.3859
90 Car -1 -1 -8.2125 826.9772 163.9582 876.1394 190.5146 1.9894 1.9244 5.2549 18.8717 1.3227 56.7155 -7.8931 -0.8479
91 Car -1 -1 -7.8543 570.8843 176.1198 621.0668 225.6206 1.6409 1.6799 3.3049 -0.5531 1.7650 25.8098 -7.8762 6.4251
91 Car -1 -1 -8.1373 830.0205 162.9602 879.9506 191.8826 2.1108 2.2159 5.2896 18.6707 1.3885 55.3467 -7.8139 2.9687
91 Car -1 -1 -8.1727 791.9506 166.8167 831.3183 189.6184 2.0314 2.0433 4.9678 18.5829 1.4932 66.8115 -7.9029 0.8356
92 Car -1 -1 -7.8442 570.1344 175.6879 620.0611 224.2731 1.6133 1.6716 3.2835 -0.5669 1.7208 25.8042 -7.8667 6.0559
92 Car -1 -1 -8.1581 836.5233 161.2174 889.7209 190.2121 2.0604 2.2967 5.1318 18.7738 1.2332 53.8720 -7.8247 3.4698
92 Car -1 -1 -2.1452 797.0092 168.1507 839.8695 187.4022 1.6745 1.7392 4.1232 18.6998 1.2651 64.9862 -1.8665 -0.2553
92 Car -1 -1 -5.1445 892.4229 157.7798 959.2888 190.1143 1.8143 1.8764 4.5547 18.5896 0.9682 42.7866 -4.7374 -1.8554
93 Car -1 -1 -7.8357 569.7021 175.4831 619.7181 224.2436 1.6203 1.6744 3.2650 -0.5661 1.7200 25.7894 -7.8582 5.7463
93 Car -1 -1 -8.1315 843.9316 160.7809 897.3612 189.8792 2.0030 2.2827 5.2145 18.7789 1.1716 52.3429 -7.7890 2.5129
93 Car -1 -1 -8.2452 897.2332 149.7026 977.3037 190.3159 2.1668 2.0018 6.0635 18.6408 0.9313 41.5531 -7.8263 -2.0259
94 Car -1 -1 -7.8445 569.6867 176.2552 620.0030 225.0964 1.6183 1.6835 3.2432 -0.5758 1.7471 25.7669 -7.8673 5.7612
94 Car -1 -1 -8.1049 808.7056 164.4494 847.1502 187.9859 1.9512 2.0182 4.8593 18.7214 1.2541 62.2822 -7.8145 2.4016
95 Car -1 -1 -7.8400 569.3795 177.0756 619.2376 226.2320 1.6233 1.6664 3.2899 -0.5870 1.7834 25.7643 -7.8633 6.3023
95 Car -1 -1 -8.1131 814.1043 164.5615 852.6656 187.2921 1.8360 1.9343 4.7370 18.6985 1.1659 60.6851 -7.8158 2.2720
95 Car -1 -1 -8.1696 854.8790 161.8871 899.4916 190.1260 1.8734 1.6748 4.1554 18.4080 1.1455 49.9724 -7.8188 -1.4748
96 Car -1 -1 -7.8388 567.8450 178.3431 617.7984 226.5952 1.5854 1.6672 3.2413 -0.6370 1.7930 25.7066 -7.8641 5.4732
96 Car -1 -1 -8.1894 862.7109 158.2391 926.6745 191.1625 2.0554 2.2472 5.4518 18.7082 1.1427 47.8090 -7.8188 3.5362
96 Car -1 -1 -8.1739 816.2515 164.3508 857.8147 187.3581 1.8085 1.8297 4.7579 18.5060 1.1398 59.1133 -7.8722 2.5680
97 Car -1 -1 -7.8539 567.6147 176.7467 617.9408 226.0240 1.6241 1.6778 3.2288 -0.6634 1.7712 25.6758 -7.8802 5.6673
97 Car -1 -1 -8.1915 869.7756 157.2831 936.8461 191.4081 2.0587 2.3187 5.3407 18.6395 1.1190 46.2470 -7.8108 4.8374
97 Car -1 -1 -8.1649 823.5107 163.0935 866.6237 186.4819 1.7906 1.9214 4.6626 18.6601 1.0431 57.5738 -7.8532 2.7802
98 Car -1 -1 -7.8362 566.4272 176.0215 616.5072 224.9019 1.6118 1.6662 3.2295 -0.6786 1.7311 25.6249 -7.8631 5.8353
98 Car -1 -1 -8.2100 877.6533 155.8244 947.8483 189.6810 1.9707 2.2845 5.2793 18.5809 0.9792 44.6771 -7.8184 3.5530
98 Car -1 -1 -8.2197 827.3752 161.4286 873.7095 185.3310 1.7758 1.8456 4.6749 18.5620 0.9267 55.9837 -7.9013 1.7321
99 Car -1 -1 -7.8392 564.8187 175.1476 615.4475 223.8430 1.6049 1.6799 3.2761 -0.7297 1.6912 25.5856 -7.8682 6.2600
99 Car -1 -1 -8.2212 886.7797 151.9783 960.2200 188.4300 2.0394 2.2207 5.3495 18.5446 0.8711 43.0818 -7.8174 3.8186
99 Car -1 -1 -8.2586 833.2125 159.8985 881.8716 183.4456 1.6981 1.8348 4.4845 18.5414 0.7635 54.3418 -7.9316 1.1254
100 Car -1 -1 -7.8351 563.9447 175.7999 614.5214 225.0414 1.6162 1.6740 3.2597 -0.7528 1.7268 25.5181 -7.8650 5.6405
100 Car -1 -1 -8.2545 894.3442 152.8080 971.4108 189.2394 1.9663 2.1306 5.2986 18.4399 0.8841 41.6078 -7.8401 3.7727
100 Car -1 -1 -8.1745 815.2220 167.8019 851.6447 186.1516 1.4399 1.6489 3.9682 18.0769 1.0432 58.6214 -7.8771 -1.7457
101 Car -1 -1 -7.8372 564.3406 178.2610 614.3992 227.1715 1.5900 1.6529 3.2808 -0.7501 1.7929 25.4721 -7.8671 5.8024
101 Car -1 -1 -8.2632 906.3802 153.0174 988.3776 191.6414 2.0046 2.2103 5.1970 18.5490 0.9748 40.0692 -7.8326 2.4762
101 Car -1 -1 -8.2069 842.9108 160.6877 893.6901 186.7619 1.7778 1.8461 4.8315 18.3651 0.9480 51.6229 -7.8671 -1.3387
101 Car -1 -1 -8.2203 819.4254 169.5107 858.9976 188.8967 1.4788 1.6948 3.8722 18.0357 1.2234 57.0233 -7.9157 -2.1486
102 Car -1 -1 -7.8402 563.6517 178.8799 613.9860 228.2080 1.5974 1.6576 3.1676 -0.7720 1.8222 25.3536 -7.8711 6.3563
102 Car -1 -1 -8.2745 917.7233 153.4301 1003.3335 193.1405 1.9730 2.1535 5.1623 18.4886 1.0076 38.4553 -7.8296 3.1699
102 Car -1 -1 -8.2055 850.2360 161.3661 904.2100 189.1911 1.8284 1.9056 4.9053 18.3443 1.0732 49.8653 -7.8551 1.7452
102 Car -1 -1 -8.0591 831.4155 169.9014 865.9210 191.2384 1.5758 1.7301 3.9566 18.2305 1.3574 55.3488 -7.7427 -1.0106
103 Car -1 -1 -7.8327 562.6640 178.2533 613.0317 228.1747 1.6156 1.6544 3.1884 -0.7918 1.8166 25.3001 -7.8644 6.6597
103 Car -1 -1 -8.3128 929.8685 151.8776 1025.4294 194.9897 2.0457 2.2162 5.2642 18.5748 1.0501 36.8750 -7.8496 2.7392
103 Car -1 -1 -8.2134 858.3381 160.4085 914.8448 189.5959 1.8580 1.9708 4.7421 18.3909 1.0654 48.3035 -7.8518 2.1599
103 Car -1 -1 -7.9709 835.8278 169.9985 866.1116 191.2970 1.5267 1.7059 3.6896 17.8633 1.3217 53.7004 -7.6517 -0.6520
104 Car -1 -1 -7.8307 562.8368 176.5086 613.9090 226.5033 1.6189 1.6709 3.2841 -0.7675 1.7548 25.2531 -7.8615 5.6770
104 Car -1 -1 -8.3085 945.2857 151.2802 1046.0801 195.9911 2.0249 2.2735 5.1740 18.6428 1.0476 35.2951 -7.8262 3.8800
104 Car -1 -1 -8.2243 867.6959 159.4262 928.3183 189.5769 1.8505 2.0049 4.8492 18.5101 1.0261 46.7129 -7.8494 3.4620
104 Car -1 -1 -8.1696 843.6149 169.6135 884.1146 190.7087 1.4694 1.6084 3.9424 18.2965 1.2434 52.2469 -7.8348 -0.1250
105 Car -1 -1 -7.8357 561.9298 175.9451 614.1481 226.4569 1.6326 1.7027 3.2856 -0.7855 1.7473 25.1774 -7.8673 5.7464
105 Car -1 -1 -8.3244 959.7607 149.7360 1067.8307 195.8383 1.9854 2.2349 5.2504 18.6363 0.9895 33.7309 -7.8235 3.8167
105 Car -1 -1 -8.2285 877.6704 158.1411 940.2411 190.4732 1.9126 1.9824 4.7695 18.5395 1.0420 45.0800 -7.8409 2.7243
105 Car -1 -1 -8.3451 839.7504 168.6743 892.3299 189.6607 1.4176 1.6030 4.4041 18.0052 1.1350 51.0381 -8.0080 0.8519
106 Car -1 -1 -7.8352 562.5135 176.5891 614.2618 226.4329 1.6024 1.6815 3.2625 -0.7700 1.7404 25.0838 -7.8663 6.3045
106 Car -1 -1 -8.2228 887.9753 158.0822 952.6763 190.5071 1.8445 1.9596 4.7995 18.5536 1.0039 43.4750 -7.8221 4.0728
106 Car -1 -1 -8.3656 975.0770 148.4844 1093.2598 198.4101 2.0429 2.2466 5.1898 18.6326 1.0454 32.1306 -7.8442 2.9784
106 Car -1 -1 -4.5575 526.6492 178.9291 549.8624 195.4558 1.5341 1.6979 3.7217 -6.9787 2.1417 70.2847 -4.6564 0.7651
106 Car -1 -1 -8.3131 851.7275 168.2972 903.1026 189.9243 1.4123 1.6323 4.0844 18.1469 1.1144 49.2369 -7.9622 -0.0189
107 Car -1 -1 -7.8400 563.6749 176.3876 615.7229 226.5953 1.6075 1.6838 3.3084 -0.7304 1.7379 25.0039 -7.8697 5.8506
107 Car -1 -1 -8.2599 897.6132 157.8420 968.2374 189.9833 1.7582 1.9484 4.8901 18.6063 0.9367 41.9236 -7.8449 5.0721
107 Car -1 -1 -8.3830 993.9545 147.8647 1121.5122 199.9650 2.0191 2.2183 5.2330 18.7092 1.0504 30.5957 -7.8386 3.7548
107 Car -1 -1 -4.5936 523.8608 178.8200 546.3157 196.1143 1.5316 1.6614 3.5803 -6.9442 2.0998 66.9471 -4.6969 0.9244
107 Car -1 -1 -8.1416 869.5383 167.9709 914.6293 190.4654 1.4173 1.6426 4.1541 18.5089 1.1094 47.5992 -7.7730 0.0561
108 Car -1 -1 -7.8344 563.6262 176.5466 615.5660 226.9209 1.6087 1.6764 3.2831 -0.7225 1.7445 24.9342 -7.8638 5.9042
108 Car -1 -1 -8.2730 910.3545 157.1319 985.4067 191.5862 1.8056 1.9886 4.7844 18.6698 0.9814 40.2165 -7.8414 4.3122
108 Car -1 -1 -8.3936 1013.9475 145.8913 1152.8796 202.1749 2.0593 2.2600 5.2473 18.7635 1.0725 29.0552 -7.8250 2.9159
108 Car -1 -1 -4.6056 519.4001 178.8287 543.5264 197.5520 1.5711 1.7027 4.0490 -6.9405 2.1163 63.8624 -4.7138 1.0887
108 Car -1 -1 -6.9284 886.3284 161.1604 969.4537 189.4198 1.7115 1.8445 4.5717 19.8260 1.0030 45.1269 -6.5171 -0.3308
109 Car -1 -1 -7.8378 563.8540 176.5300 616.2993 226.7518 1.5973 1.6861 3.3056 -0.7095 1.7321 24.8554 -7.8668 5.5818
109 Car -1 -1 -8.4266 1036.5206 143.8496 1189.4342 204.0136 2.0644 2.2277 5.2575 18.7821 1.0689 27.4121 -7.8310 4.1537
109 Car -1 -1 -8.3080 920.3849 156.2225 1004.1245 191.2908 1.7582 1.9546 5.1434 18.7319 0.9240 38.7530 -7.8609 3.5930
109 Car -1 -1 -8.2708 880.0975 169.2957 937.3700 193.9429 1.4504 1.5814 4.4814 18.3929 1.2407 44.7215 -7.8832 1.0807
109 Car -1 -1 -7.7349 515.6743 178.9018 542.2967 198.9695 1.5904 1.7492 4.0462 -6.7738 2.1137 60.4359 -7.8465 1.0161
110 Car -1 -1 -8.3140 934.7922 155.1282 1021.7330 192.6167 1.8026 1.9629 4.9605 18.7861 0.9499 37.1783 -7.8495 5.2726
110 Car -1 -1 -7.8409 564.7698 175.8726 616.7809 226.9444 1.6219 1.6662 3.2615 -0.6885 1.7320 24.7516 -7.8692 4.7381
110 Car -1 -1 -8.4532 1062.3423 141.4881 1229.0105 203.9301 2.0011 2.1641 5.2200 18.7735 0.9956 25.7599 -7.8289 4.3889
110 Car -1 -1 -8.2938 893.5440 167.4618 952.5042 191.4138 1.3564 1.6104 4.0962 18.5088 1.0508 42.9368 -7.8895 1.8492
110 Car -1 -1 -4.6041 512.6785 179.3269 538.4812 199.2758 1.4941 1.6369 3.7330 -6.6779 2.0231 57.1289 -4.7204 1.3175
111 Car -1 -1 -8.3333 948.1488 152.7996 1040.5472 193.1475 1.8497 1.8754 5.0487 18.7634 0.9300 35.6041 -7.8519 5.3414
111 Car -1 -1 -7.8397 564.7118 175.9781 617.5649 226.8800 1.6108 1.6879 3.3075 -0.6723 1.7246 24.7021 -7.8674 5.2880
111 Car -1 -1 -8.2881 903.4749 166.1599 965.8777 192.0009 1.4084 1.5631 4.3649 18.5526 1.0432 41.5202 -7.8708 3.1058
111 Car -1 -1 -4.5885 505.9552 178.7785 534.8299 200.7967 1.5545 1.6854 3.7799 -6.6789 2.0119 53.8487 -4.7117 1.5523
111 Car -1 -1 -8.4871 1092.1622 133.3929 1241.0000 206.0063 2.1353 2.0615 5.4708 18.7836 0.9746 23.9786 -7.8287 0.3333
112 Car -1 -1 -7.8370 565.4468 176.2809 617.9034 227.2128 1.6074 1.6718 3.2587 -0.6480 1.7319 24.6297 -7.8638 6.5447
112 Car -1 -1 -8.3562 964.0663 152.7421 1065.3062 194.2218 1.8132 1.9544 5.0312 18.8833 0.9338 34.0565 -7.8538 3.0630
112 Car -1 -1 -8.3255 916.1199 166.5365 982.1384 192.1642 1.3397 1.5836 4.1082 18.5766 1.0092 39.8013 -7.8918 2.8919
112 Car -1 -1 -4.5646 500.6754 180.5237 531.5541 203.4306 1.5072 1.6395 3.5333 -6.5583 2.0621 50.4497 -4.6936 2.8486
112 Car -1 -1 -8.4781 1126.1326 136.4095 1241.0000 203.8916 1.8946 1.9634 4.7887 18.7834 0.8711 22.7075 -7.7934 0.0198
113 Car -1 -1 -7.8299 565.9398 177.7604 618.4930 229.6062 1.6264 1.6709 3.2265 -0.6160 1.8041 24.5549 -7.8555 6.6994
113 Car -1 -1 -4.5867 493.5190 181.6562 526.4031 207.6884 1.5906 1.6882 3.6180 -6.5271 2.1875 47.1355 -4.7240 4.0214
113 Car -1 -1 -8.3726 979.6483 153.1971 1087.0587 195.8119 1.7712 1.9071 5.0066 18.8371 0.9539 32.4948 -7.8513 3.9873
113 Car -1 -1 -8.3299 927.5607 168.4883 998.9957 195.5758 1.3583 1.5988 4.2939 18.6329 1.1391 38.3499 -7.8809 3.9552
113 Car -1 -1 -8.5287 1152.0563 139.6791 1241.0000 212.3521 1.9335 1.8648 4.6638 18.7749 1.0506 21.5596 -7.8192 1.4303
114 Car -1 -1 -7.8282 566.3058 178.0660 619.0891 229.6175 1.6074 1.6702 3.2807 -0.5941 1.7957 24.4711 -7.8530 5.8025
114 Car -1 -1 -8.3821 999.5953 155.1585 1116.5344 202.5015 1.8635 1.9800 4.9792 18.9468 1.1667 30.9076 -7.8366 5.4575
114 Car -1 -1 -4.5628 485.4820 181.8406 521.3204 209.9787 1.5992 1.6521 3.5101 -6.4759 2.1674 43.8886 -4.7089 3.6101
114 Car -1 -1 -8.3421 943.7154 169.2211 1016.8069 197.2258 1.3444 1.5508 4.0867 18.6891 1.1697 36.6976 -7.8746 2.4690
114 Car -1 -1 -5.2364 1187.6088 148.0180 1241.0000 208.0343 1.5493 1.6952 3.7606 18.5390 0.9079 20.6381 -4.5117 0.1635
115 Car -1 -1 -8.3952 1020.8320 149.9069 1145.1973 200.1069 1.8686 1.9373 4.9145 18.9773 1.0142 29.3420 -7.8258 5.7856
115 Car -1 -1 -7.8440 566.5797 176.0502 619.9081 227.8492 1.6184 1.6818 3.2857 -0.6013 1.7335 24.4032 -7.8691 5.0511
115 Car -1 -1 -4.5592 476.5099 180.0651 515.3704 209.5452 1.5536 1.6397 3.5599 -6.4197 1.9776 40.6783 -4.7152 3.6759
115 Car -1 -1 -8.3619 957.7978 165.4801 1036.9854 195.4413 1.3745 1.6101 4.0507 18.7178 1.0359 35.1439 -7.8761 3.0111
115 Car -1 -1 -4.4766 533.9963 176.4577 561.0117 192.9848 1.5329 1.7186 4.0247 -6.0444 1.8926 69.9632 -4.5628 -0.8518
116 Car -1 -1 -7.8409 567.0885 174.2036 619.7737 225.0932 1.5926 1.6556 3.2990 -0.5877 1.6409 24.3277 -7.8655 5.9922
116 Car -1 -1 -4.5564 465.3623 179.3820 508.0743 210.8915 1.5218 1.6413 3.6064 -6.3777 1.8763 37.4110 -4.7246 4.5260
116 Car -1 -1 -8.4362 1042.2117 145.3508 1179.2159 197.0576 1.8116 1.9210 4.8802 18.9665 0.8477 27.7317 -7.8414 3.8645
116 Car -1 -1 -8.3773 972.2676 163.2014 1057.6232 193.6831 1.3318 1.5449 4.2205 18.7205 0.9098 33.6514 -7.8735 3.5981
116 Car -1 -1 -4.6009 530.7003 175.7012 553.0011 192.4323 1.4909 1.6351 3.9262 -6.3141 1.7625 66.9450 -4.6949 -0.1196
117 Car -1 -1 -7.8304 567.7950 174.1673 621.5226 225.7577 1.6124 1.6856 3.2961 -0.5274 1.6594 24.2847 -7.8526 6.0983
117 Car -1 -1 -4.5310 452.1247 180.3329 500.9600 216.1192 1.5705 1.6732 3.4491 -6.2922 1.9417 34.1108 -4.7125 4.7518
117 Car -1 -1 -8.4039 989.5993 160.4868 1083.5823 193.2743 1.3617 1.6165 4.1994 18.7920 0.8478 32.0860 -7.8782 4.3686
117 Car -1 -1 -8.4552 1065.0677 140.7807 1218.9380 195.9308 1.8104 1.9273 5.0774 19.0312 0.7572 26.2439 -7.8331 3.2782
117 Car -1 -1 -4.6582 530.3419 176.7832 552.0803 194.3937 1.4835 1.7045 3.8238 -6.0570 1.8401 63.5960 -4.7531 -0.1679
118 Car -1 -1 -4.5127 434.7474 182.5981 491.1692 224.2417 1.6351 1.7059 3.4828 -6.2699 2.0755 30.8879 -4.7118 6.1003
118 Car -1 -1 -7.8491 568.7660 176.1224 622.8861 227.9025 1.6047 1.6936 3.2625 -0.5193 1.7216 24.2147 -7.8710 6.0836
118 Car -1 -1 -8.4336 1010.1436 161.4136 1110.0856 194.7716 1.3131 1.5912 4.0601 18.8168 0.8625 30.4559 -7.8847 5.0707
118 Car -1 -1 -8.4749 1093.4381 139.0739 1241.0000 197.0470 1.7782 1.8139 4.9494 18.9667 0.7418 24.6315 -7.8245 3.7191
118 Car -1 -1 -4.5813 524.1982 179.6989 550.0746 197.5071 1.4113 1.6598 4.0134 -6.1269 2.0068 60.7756 -4.6817 0.8964
119 Car -1 -1 -4.5108 413.1572 186.4497 477.5963 233.1201 1.6052 1.7350 3.4834 -6.2639 2.1581 27.6002 -4.7325 6.1582
119 Car -1 -1 -7.8357 568.6827 179.3242 622.7664 231.8133 1.6061 1.6857 3.3187 -0.4981 1.8373 24.1496 -7.8569 5.5162
119 Car -1 -1 -8.4443 1031.3597 167.2024 1141.5936 204.0558 1.3719 1.6217 4.1629 18.9185 1.1612 28.9552 -7.8705 5.4288
119 Car -1 -1 -8.5145 1124.0176 144.9271 1241.0000 206.7425 1.7940 1.8507 4.6477 19.0864 0.9832 23.2816 -7.8341 2.0596
119 Car -1 -1 -4.5943 520.3107 181.4838 547.2014 201.8899 1.5225 1.6754 3.9926 -6.0702 2.2344 57.5402 -4.6994 1.4661
120 Car -1 -1 -4.4697 385.9099 187.2331 460.7579 240.5855 1.6063 1.6607 3.4458 -6.2657 2.1263 24.3832 -4.7192 6.1613
120 Car -1 -1 -7.8365 567.7426 178.8653 623.0450 231.8897 1.6181 1.7169 3.3518 -0.5090 1.8324 24.0783 -7.8583 5.3718
120 Car -1 -1 -8.4685 1051.1350 168.7771 1172.5352 207.9590 1.3728 1.5665 4.3029 18.8631 1.2297 27.4452 -7.8716 2.8116
120 Car -1 -1 -8.5536 1154.1348 148.3981 1241.0000 214.3831 1.8351 1.7603 4.1094 19.0609 1.1546 22.1251 -7.8493 1.9982
120 Car -1 -1 -4.6095 514.5015 182.6325 543.3702 203.7985 1.4801 1.7457 4.2149 -6.1126 2.2475 54.5264 -4.7211 1.6666
121 Car -1 -1 -7.8382 567.6254 174.2581 622.8376 226.7603 1.6238 1.7146 3.2733 -0.5171 1.6735 24.0458 -7.8602 6.0286
121 Car -1 -1 -4.4398 349.0027 182.6032 440.3474 244.6057 1.6225 1.6888 3.4429 -6.2536 1.9315 21.1575 -4.7244 5.8230
121 Car -1 -1 -8.5016 1075.8148 165.2719 1210.4083 206.7588 1.3653 1.5867 4.2948 18.8992 1.1155 25.9105 -7.8770 5.0291
121 Car -1 -1 -4.6222 509.1683 178.0319 537.3391 199.6572 1.4469 1.6360 3.9791 -6.1535 1.8289 51.2535 -4.7415 3.2333
121 Car -1 -1 -5.3690 1187.4453 147.8293 1241.0000 208.5408 1.5696 1.6903 4.0458 18.9016 0.9223 20.7351 -4.6369 0.3868
122 Car -1 -1 -4.4042 298.4235 181.6810 412.7728 254.7465 1.5958 1.6917 3.4468 -6.2320 1.8360 17.9216 -4.7348 5.6883
122 Car -1 -1 -8.5340 1102.4308 161.6888 1241.0000 207.0023 1.3967 1.6124 4.2736 18.9106 1.0523 24.3974 -7.8806 4.9227
122 Car -1 -1 -7.8555 569.4711 171.5397 624.1273 224.3532 1.6328 1.6910 3.2971 -0.4936 1.5919 23.9745 -7.8766 4.5660
122 Car -1 -1 -4.5697 501.7290 176.3397 535.7806 199.0681 1.4340 1.6764 4.2358 -6.0922 1.6773 48.3092 -4.6948 2.9580
123 Car -1 -1 -4.3308 221.1862 185.3916 375.2428 277.4006 1.5957 1.6913 3.4449 -6.2284 1.8813 14.7190 -4.7252 5.9505
123 Car -1 -1 -7.8409 569.1647 171.7412 623.4523 224.4375 1.6233 1.6726 3.2821 -0.4828 1.5887 23.8742 -7.8616 3.9344
123 Car -1 -1 -8.5490 1132.9291 155.8123 1241.0000 204.9930 1.4166 1.6093 4.2380 18.9152 0.9254 22.9110 -7.8652 3.0927
123 Car -1 -1 -4.5751 493.8943 177.4281 530.8266 201.7403 1.4207 1.7050 4.4072 -6.0950 1.7210 45.2014 -4.7088 2.9386
123 Car -1 -1 -5.4216 1142.0322 141.5780 1241.0000 180.5407 1.6740 1.7201 4.2081 26.8472 0.3300 33.1317 -4.7448 -1.7006
124 Car -1 -1 -4.2457 94.6919 190.5467 318.5251 315.5832 1.6070 1.6907 3.4572 -6.2206 1.9318 11.5121 -4.7321 5.8738
124 Car -1 -1 -7.8254 568.6984 171.8143 623.6731 224.4794 1.6209 1.6929 3.1959 -0.4602 1.5886 23.8119 -7.8452 4.7654
124 Car -1 -1 -4.5683 484.3922 178.0219 524.9070 205.2365 1.4725 1.7246 4.3784 -6.1163 1.7891 42.0609 -4.7123 3.5168
124 Car -1 -1 -8.5922 1164.3628 150.7110 1241.0000 205.8518 1.4896 1.6538 4.0682 18.9282 0.8911 21.5450 -7.8781 2.1386
124 Car -1 -1 -7.9793 896.1642 163.2749 929.3580 187.2727 1.5350 1.5939 3.5471 20.0946 0.9220 48.0728 -7.5857 -1.5704
125 Car -1 -1 -7.8374 569.7629 173.3322 624.0713 225.8303 1.6100 1.6679 3.2735 -0.4554 1.6265 23.7969 -7.8571 6.8837
125 Car -1 -1 -4.0820 0.0000 200.4066 227.6384 374.0000 1.5793 1.6995 3.5476 -6.2297 1.9626 8.2726 -4.7123 4.3628
125 Car -1 -1 -4.5537 474.6684 181.4428 518.1941 211.0756 1.4559 1.6776 4.0948 -6.0666 1.9406 38.6900 -4.7087 3.7228
126 Car -1 -1 -7.8490 569.8068 175.8567 625.1586 229.2688 1.6211 1.6947 3.2205 -0.4553 1.7262 23.7041 -7.8688 5.0544
126 Car -1 -1 -4.5333 461.3091 183.6313 511.7230 216.6098 1.4733 1.7237 4.2980 -6.0929 2.0400 35.8027 -4.7011 4.0391
126 Car -1 -1 -3.9094 0.0000 214.0176 62.8142 374.0000 1.5534 1.6831 3.9514 -6.1616 1.9571 5.0627 -4.7663 0.8944
126 Car -1 -1 -7.8421 637.0126 175.8853 653.7802 190.4646 1.3429 1.5609 3.4739 3.3820 1.6399 68.9817 -7.7937 -0.2114
127 Car -1 -1 -7.8419 569.8240 176.9906 624.6620 231.0197 1.6273 1.6713 3.3102 -0.4498 1.7721 23.6480 -7.8615 6.5996
127 Car -1 -1 -4.5221 446.6622 186.2543 501.4737 222.7392 1.4628 1.6603 4.2174 -6.1031 2.1071 32.5957 -4.7063 4.4979
128 Car -1 -1 -7.8304 569.2112 177.5102 624.4703 231.2385 1.6118 1.6800 3.2814 -0.4421 1.7743 23.5750 -7.8498 6.3249
128 Car -1 -1 -4.5029 428.1349 187.6057 491.0346 228.2488 1.4526 1.6489 4.3210 -6.1054 2.1002 29.5265 -4.7056 5.3083
128 Car -1 -1 -7.8809 635.4769 174.9574 655.9507 193.0660 1.5953 1.7570 4.0012 3.2189 1.7934 66.0524 -7.8328 -1.9771
129 Car -1 -1 -7.8344 569.2349 176.3716 624.3432 230.0591 1.6115 1.6705 3.2769 -0.4495 1.7338 23.5110 -7.8541 6.2016
129 Car -1 -1 -4.4727 401.5617 188.4160 477.1504 233.2462 1.4082 1.6862 4.3774 -6.1731 2.0245 26.3896 -4.7008 5.7869
129 Car -1 -1 -7.8832 638.1215 176.5753 656.9222 192.8157 1.3980 1.5790 3.1728 3.3078 1.7383 64.4482 -7.8325 0.0415
130 Car -1 -1 -4.4417 370.6655 188.1327 461.5411 241.1929 1.4599 1.7047 4.4003 -6.1817 2.0006 23.3381 -4.6984 6.1330
130 Car -1 -1 -7.8344 568.2917 174.9849 623.9144 227.7847 1.5834 1.6784 3.2924 -0.4699 1.6572 23.4184 -7.8550 5.4233
130 Car -1 -1 -7.9191 637.8374 175.2442 658.4508 192.2387 1.4317 1.5676 3.4914 3.2840 1.6461 63.0373 -7.8677 0.5582
131 Car -1 -1 -4.4019 329.3272 188.7342 440.0979 252.6417 1.4997 1.6997 4.2850 -6.1810 1.9906 20.1598 -4.6963 6.5176
131 Car -1 -1 -7.8405 568.0563 173.9956 623.3715 227.9860 1.6203 1.6656 3.2479 -0.4921 1.6595 23.3534 -7.8621 5.7459
131 Car -1 -1 -7.9158 637.8901 173.6900 658.8719 191.2275 1.4465 1.5619 3.5392 3.2191 1.5195 61.4607 -7.8641 0.2542
132 Car -1 -1 -4.3603 271.9458 192.7734 413.5958 270.8420 1.4903 1.6817 4.4512 -6.1850 2.0250 17.1478 -4.7022 6.2535
132 Car -1 -1 -7.8470 568.3071 176.1428 624.8295 230.0451 1.6049 1.6992 3.2514 -0.4749 1.7184 23.3204 -7.8679 5.8520
132 Car -1 -1 -7.9685 637.2020 175.3021 660.4064 192.9789 1.4170 1.5417 3.4224 3.1789 1.6265 60.0798 -7.9162 0.0093
133 Car -1 -1 -4.2992 184.6873 197.8730 375.9470 297.7649 1.4937 1.6961 4.4569 -6.2197 2.0611 14.1404 -4.7074 6.8798
133 Car -1 -1 -7.8279 567.4954 175.6479 623.6129 230.4095 1.6264 1.6804 3.3113 -0.4730 1.7226 23.2586 -7.8488 6.2004
133 Car -1 -1 -7.8997 639.7643 175.9561 660.7534 194.3981 1.4369 1.5359 3.4726 3.2150 1.6958 58.5475 -7.8455 -0.0151
134 Car -1 -1 -4.2032 37.7644 205.3488 321.5465 341.1437 1.4719 1.7256 4.3679 -6.2222 2.0681 11.0578 -4.7061 6.6654
134 Car -1 -1 -7.8443 566.8381 178.5037 624.0542 232.9099 1.5990 1.7086 3.1938 -0.5034 1.7925 23.1471 -7.8666 4.8469
134 Car -1 -1 -1.6086 640.0641 177.6236 662.2358 196.9557 1.4591 1.6071 3.8112 3.2126 1.8504 57.3247 -1.5533 0.5045
134 Car -1 -1 -8.0856 804.3607 171.0962 834.9500 188.0371 1.4822 1.7427 4.1319 18.8885 1.3281 65.2359 -7.8052 -1.9240
135 Car -1 -1 -7.8254 566.7980 179.2715 623.2115 234.7841 1.6211 1.6776 3.2537 -0.4837 1.8406 23.0805 -7.8469 5.4766
135 Car -1 -1 -4.0659 0.0000 215.7587 233.8181 374.0000 1.4453 1.6979 4.3175 -6.2326 2.0522 8.0493 -4.7091 5.4353
135 Car -1 -1 -7.9302 640.4041 180.1729 664.8279 201.1751 1.5313 1.6062 3.5541 3.2288 2.1137 55.6493 -7.8730 0.1081
136 Car -1 -1 -7.8193 566.5791 179.7411 622.5905 235.1547 1.6100 1.6610 3.3141 -0.4849 1.8456 23.0462 -7.8410 5.9250
136 Car -1 -1 -3.8748 0.0000 225.5522 82.2190 374.0000 1.5073 1.6604 4.0768 -6.2579 2.0441 5.3118 -4.7168 1.4056
136 Car -1 -1 -7.9097 641.9632 180.8572 666.3270 201.4586 1.4581 1.6233 3.5681 3.2595 2.0793 54.2439 -7.8505 0.9310
137 Car -1 -1 -7.8258 568.0085 178.8155 624.6548 234.2791 1.6153 1.6776 3.1797 -0.4408 1.8179 22.9540 -7.8456 5.6371
137 Car -1 -1 -7.9124 643.0638 179.2004 668.4637 200.8965 1.4951 1.6224 3.8389 3.2830 1.9758 52.7674 -7.8511 1.8086
137 Car -1 -1 -8.1676 839.1364 169.0337 877.5244 190.7528 1.6063 1.7351 3.6120 18.9154 1.3235 55.1830 -7.8393 -1.6451
138 Car -1 -1 -7.8255 568.0148 176.9432 624.9293 232.8087 1.6269 1.6775 3.2912 -0.4333 1.7658 22.9073 -7.8450 5.7213
138 Car -1 -1 -7.9318 644.4931 178.0942 670.5998 199.5315 1.4452 1.5798 3.4006 3.3117 1.8291 51.1893 -7.8681 0.6200
138 Car -1 -1 -8.1975 843.6763 166.4997 885.8334 189.9205 1.6833 1.7485 3.8756 18.9108 1.2263 53.8034 -7.8615 -0.8689
139 Car -1 -1 -7.8386 569.3201 175.6196 626.6809 230.3882 1.5986 1.6874 3.2305 -0.4070 1.6921 22.8422 -7.8570 5.7869
139 Car -1 -1 -7.8651 648.0799 175.7169 671.6479 197.8538 1.4563 1.5631 3.4348 3.3773 1.6601 49.6813 -7.7980 1.8746
139 Car -1 -1 -5.0051 829.8640 168.8462 866.4639 188.0750 1.4861 1.6618 4.0960 19.0093 1.1761 57.8304 -4.6893 0.0566
139 Car -1 -1 -5.2205 1061.3450 152.8614 1136.3113 183.0759 1.5231 1.7154 3.6509 25.7838 0.5150 38.2605 -4.6311 -2.0280
139 Car -1 -1 -8.1769 847.8348 167.9864 889.9193 190.1066 1.5446 1.7364 3.8197 18.6814 1.2044 52.3091 -7.8359 -2.0422
140 Car -1 -1 -7.8257 569.2508 173.8948 626.6733 228.9733 1.6099 1.6844 3.2532 -0.3851 1.6448 22.7874 -7.8432 5.8695
140 Car -1 -1 -7.9771 646.8444 174.0616 676.8309 196.6793 1.4503 1.5818 3.4103 3.3954 1.5335 48.1969 -7.9077 1.9712
140 Car -1 -1 -8.2022 859.7155 162.6974 903.4183 187.9552 1.7129 1.6939 3.7364 19.0340 1.0238 50.8060 -7.8459 1.6695
141 Car -1 -1 -7.8357 571.6097 173.9181 629.4634 229.4977 1.6216 1.6933 3.2286 -0.3206 1.6572 22.7315 -7.8504 5.7167
141 Car -1 -1 -8.1911 867.7329 161.6330 913.9883 188.4054 1.7578 1.7870 3.7612 19.0899 1.0208 49.2818 -7.8238 1.9768
141 Car -1 -1 -8.2129 841.0328 167.3430 884.5693 187.3590 1.4636 1.7589 4.1673 19.1316 1.0603 54.8641 -7.8793 1.6774
141 Car -1 -1 -7.9015 651.3911 174.8547 678.1329 197.4825 1.4025 1.5535 3.5609 3.4881 1.5371 46.8400 -7.8280 1.4537
141 Car -1 -1 -7.5317 373.8647 176.4318 415.6427 205.8532 2.3819 2.0112 4.7221 -18.2710 2.6979 61.3902 -7.8201 -1.2008
142 Car -1 -1 -7.8328 572.8587 175.0068 630.1127 229.8783 1.5901 1.6702 3.2756 -0.2848 1.6624 22.6832 -7.8460 5.5007
142 Car -1 -1 -7.9340 652.2262 174.9640 681.2404 199.5023 1.4727 1.5310 3.5346 3.4980 1.6102 45.3775 -7.8580 1.5799
142 Car -1 -1 -8.2445 875.6338 161.5096 925.3939 188.9552 1.7462 1.7655 3.7045 19.1368 1.0241 47.7689 -7.8658 1.4531
142 Car -1 -1 -7.9355 812.0624 164.1090 835.1081 181.5220 1.5785 1.7387 3.9905 19.9370 0.7854 67.5370 -7.6498 0.9641
142 Car -1 -1 -5.1053 845.4840 166.0993 891.4652 187.3693 1.5100 1.7005 4.2246 19.0255 1.0301 53.3762 -4.7648 0.4801
143 Car -1 -1 -7.8190 574.3445 175.5432 631.3303 230.9647 1.5995 1.6599 3.2938 -0.2180 1.6899 22.6529 -7.8293 5.7425
143 Car -1 -1 -8.2400 885.2393 160.5783 937.2759 189.6429 1.7901 1.7672 3.8053 19.2481 1.0337 46.3466 -7.8488 2.4093
143 Car -1 -1 -7.9186 656.2914 176.1680 685.4294 200.8454 1.4245 1.5391 3.3386 3.6239 1.6331 43.7857 -7.8371 1.8255
143 Car -1 -1 -5.0321 857.9583 168.2190 901.6218 189.5714 1.4739 1.7341 4.0703 19.3016 1.1537 51.8696 -4.6780 -1.0478
143 Car -1 -1 -8.0124 816.7854 166.4472 842.8157 183.5058 1.5089 1.6872 3.7688 19.9873 0.9419 65.8018 -7.7190 -1.6861
144 Car -1 -1 -7.8300 576.5623 175.4224 634.4385 232.1362 1.6351 1.6819 3.2144 -0.1542 1.7210 22.5705 -7.8375 6.1467
144 Car -1 -1 -8.2392 894.7125 161.3820 950.2859 192.6553 1.8588 1.7951 3.9717 19.3293 1.1766 44.8883 -7.8353 2.2387
144 Car -1 -1 -7.9552 656.5388 177.3199 687.9723 202.9770 1.4232 1.4930 3.3652 3.5779 1.6953 42.3094 -7.8719 1.9629
144 Car -1 -1 -8.1579 866.5935 168.9924 911.3493 189.5688 1.3756 1.6991 4.2760 19.3958 1.1171 50.4222 -7.7928 1.4293
145 Car -1 -1 -7.8313 578.4033 176.0487 636.8511 232.6718 1.6253 1.6941 3.2202 -0.0900 1.7319 22.5194 -7.8361 6.8708
145 Car -1 -1 -8.2143 906.5823 161.6995 961.8687 193.4105 1.8203 1.7592 3.8872 19.3940 1.1797 43.4087 -7.7969 3.3146
145 Car -1 -1 -7.9786 658.3071 178.4830 692.6318 204.4877 1.3855 1.5349 3.2055 3.6255 1.7161 40.7796 -7.8910 2.5210
145 Car -1 -1 -5.1092 871.0385 168.4737 922.8053 191.0123 1.4630 1.7204 4.3062 19.3799 1.1784 49.0091 -4.7349 1.7770
145 Car -1 -1 -7.9371 829.1233 165.5382 854.6927 184.7637 1.6224 1.7899 3.9846 20.1965 1.0047 63.0294 -7.6286 -0.3329
146 Car -1 -1 -7.8152 578.5158 175.6194 636.6188 232.4488 1.6279 1.6808 3.2063 -0.0646 1.7200 22.4595 -7.8189 6.6038
146 Car -1 -1 -8.2624 916.6970 161.6652 975.0726 194.5278 1.8217 1.7410 3.6656 19.3698 1.2012 41.8492 -7.8319 3.0025
146 Car -1 -1 -7.9278 662.8969 176.9334 696.3684 205.2058 1.4590 1.5633 3.3839 3.7279 1.6913 39.4337 -7.8347 2.3694
146 Car -1 -1 -8.1123 888.6876 170.0550 933.7064 192.0770 1.3796 1.7158 4.1106 19.6663 1.2039 47.3523 -7.7211 0.4135
146 Car -1 -1 -8.0261 832.1039 168.3539 860.4580 186.6652 1.5089 1.6698 3.7227 20.0490 1.1378 61.4172 -7.7122 -1.0749
147 Car -1 -1 -7.8280 580.8647 176.6377 639.1110 233.3317 1.6148 1.6788 3.2312 -0.0108 1.7406 22.4058 -7.8293 6.3543
147 Car -1 -1 -8.2737 927.7629 161.4178 989.7841 196.1434 1.8557 1.7178 3.7950 19.4457 1.2443 40.4770 -7.8290 3.7875
147 Car -1 -1 -7.9484 663.6379 178.6079 699.3875 207.2559 1.4098 1.5239 3.6719 3.6900 1.7278 38.0823 -7.8531 2.6464
147 Car -1 -1 -4.9124 892.5201 168.3449 935.9368 194.4674 1.6100 1.7765 4.1711 19.5856 1.3318 46.6892 -4.5178 -0.6707
147 Car -1 -1 -8.0716 836.3561 169.4060 867.4728 189.0887 1.5818 1.6769 3.7121 20.0223 1.3044 59.9194 -7.7509 -1.2739
147 Car -1 -1 -8.3747 1148.8701 153.2744 1241.0000 189.2977 1.5982 1.7334 3.8849 27.4908 0.7292 34.0632 -7.6999 -1.6965
147 Car -1 -1 -2.3326 1111.7970 153.9188 1216.0662 189.5926 1.5888 1.7386 3.8272 26.0349 0.7452 34.1359 -1.6852 -2.0625
148 Car -1 -1 -7.8322 581.9481 176.1807 640.1923 232.8050 1.6120 1.6753 3.2016 0.0152 1.7222 22.3498 -7.8323 6.2450
148 Car -1 -1 -7.9172 668.1675 178.2039 702.9177 208.3407 1.4249 1.5165 3.5157 3.7422 1.7087 36.5341 -7.8165 3.2681
148 Car -1 -1 -8.2907 938.1946 165.0327 1004.2314 197.7554 1.6792 1.7018 3.8506 19.3811 1.2775 38.9689 -7.8325 2.8692
148 Car -1 -1 -8.2549 898.2523 170.4172 955.6989 196.2635 1.5242 1.7605 4.1369 19.4872 1.3802 44.6267 -7.8459 2.0321
148 Car -1 -1 -8.0845 842.1555 169.3479 873.4021 189.1160 1.5487 1.6135 3.5402 19.9775 1.2737 58.3683 -7.7566 -0.3328
149 Car -1 -1 -7.8313 583.5941 176.7804 642.0062 233.6103 1.6127 1.6776 3.1707 0.0695 1.7425 22.3030 -7.8291 6.2128
149 Car -1 -1 -8.2984 950.9876 163.4977 1021.1321 200.7992 1.8404 1.7395 3.8297 19.4320 1.3785 37.5400 -7.8243 4.3504
149 Car -1 -1 -7.9238 669.2272 179.5524 706.5537 210.8895 1.4157 1.5510 3.5088 3.7063 1.7581 35.1365 -7.8201 3.3393
149 Car -1 -1 -8.2685 907.8015 172.1206 969.6208 198.1099 1.4772 1.7595 4.3097 19.5393 1.4352 43.1716 -7.8464 3.0671
149 Car -1 -1 -8.1557 846.6815 170.5444 881.1935 191.2814 1.5872 1.6645 3.2552 19.9513 1.4101 56.8800 -7.8203 1.1457
149 Car -1 -1 -8.1050 879.3575 179.7435 917.9410 202.2866 1.5047 1.6539 3.7499 20.4491 2.0132 51.3250 -7.7283 -1.7070
150 Car -1 -1 -7.8199 584.1493 179.1251 642.6653 236.2128 1.6032 1.6760 3.2293 0.1079 1.8107 22.2692 -7.8160 5.5247
150 Car -1 -1 -8.3063 965.4875 167.5159 1038.8903 205.5788 1.8002 1.7455 3.7306 19.4432 1.5474 36.0225 -7.8151 4.5869
150 Car -1 -1 -8.2750 918.4336 176.5635 981.0124 203.3442 1.4478 1.6798 4.2074 19.5090 1.6728 41.7079 -7.8406 3.9142
150 Car -1 -1 -7.9403 671.5043 181.7157 711.1418 215.5623 1.4544 1.5319 3.4063 3.7009 1.8882 33.6245 -7.8322 3.2437
150 Car -1 -1 -8.0895 853.1202 170.8879 888.0330 192.8440 1.6351 1.6971 3.7338 20.0339 1.4884 55.6823 -7.7461 0.5435
150 Car -1 -1 -8.3001 934.2731 154.4348 990.7973 184.1995 2.2837 2.0630 5.0940 28.1677 0.8702 57.9106 -7.8495 -1.5433
150 Car -1 -1 -8.6241 972.2425 162.5660 1059.0376 195.0636 1.6914 1.7436 4.1779 22.2285 1.1556 39.7979 -8.1181 -1.8086
150 Car -1 -1 -5.3724 412.9556 190.4589 462.0997 211.5388 1.4410 1.5537 3.8473 -12.9946 2.8062 54.1560 -5.6073 -2.1757
151 Car -1 -1 -7.8312 586.7077 177.4732 645.4663 235.0569 1.6223 1.6789 3.1956 0.1705 1.7745 22.2096 -7.8245 6.3533
151 Car -1 -1 -8.3180 978.6782 163.2829 1055.1654 204.3394 1.8651 1.6959 3.7193 19.4117 1.4300 34.6708 -7.8116 5.1228
151 Car -1 -1 -7.9798 672.0641 180.7528 715.9501 215.5318 1.4312 1.5155 3.3743 3.6511 1.8016 32.1622 -7.8684 3.4105
151 Car -1 -1 -8.2671 928.0496 173.2286 995.6629 200.6845 1.4506 1.8086 4.2862 19.5388 1.4723 40.3532 -7.8194 2.3883
151 Car -1 -1 -8.1497 854.7354 165.3632 895.4135 190.0797 1.7995 1.7481 4.1358 19.9867 1.2539 54.6445 -7.8010 0.2209
151 Car -1 -1 -7.8557 1047.4023 165.2952 1089.5740 200.8816 1.7127 1.7353 4.0298 23.3730 1.3486 36.8942 -7.2949 -2.1842
152 Car -1 -1 -7.8315 587.5555 174.1343 645.8650 230.9138 1.6099 1.6615 3.2278 0.1892 1.6518 22.1702 -7.8238 6.0132
152 Car -1 -1 -7.9598 677.0873 176.6401 720.9407 212.6728 1.4342 1.4946 3.3241 3.6983 1.6040 30.7411 -7.8418 4.8072
152 Car -1 -1 -8.3409 994.0676 160.0515 1076.6755 200.5735 1.7597 1.7140 3.7222 19.4381 1.2035 33.2267 -7.8157 4.6633
152 Car -1 -1 -8.3112 938.9689 168.5137 1009.9222 195.8579 1.3931 1.7193 4.1836 19.4838 1.1716 38.8545 -7.8497 3.5561
152 Car -1 -1 -8.0471 1060.8394 159.9160 1124.6481 196.3114 1.5771 1.7063 3.9280 22.2139 1.0161 33.4061 -7.4645 -1.0099
153 Car -1 -1 -7.8331 588.4641 174.0253 647.4424 231.1548 1.6164 1.6764 3.2187 0.2237 1.6546 22.1156 -7.8240 6.1610
153 Car -1 -1 -8.3570 1010.6287 154.5209 1099.8820 199.3133 1.8552 1.7207 3.7727 19.4649 1.0956 31.8047 -7.8121 5.5967
153 Car -1 -1 -7.9977 677.5100 176.1351 727.4982 213.7024 1.4220 1.5240 3.4149 3.6581 1.5629 29.3357 -7.8754 5.3240
153 Car -1 -1 -8.3482 951.8401 166.1159 1028.4434 194.4406 1.3852 1.7599 4.0855 19.5268 1.0554 37.3425 -7.8699 2.5637
153 Car -1 -1 -8.0101 878.8415 163.6307 912.3721 184.9781 1.4605 1.6513 3.6891 20.2468 0.8292 51.3442 -7.6366 -0.0491
154 Car -1 -1 -8.3792 1028.1587 153.9917 1125.2473 200.3286 1.8226 1.7119 3.8338 19.4430 1.0804 30.3298 -7.8138 6.4446
154 Car -1 -1 -7.8343 591.3175 174.6322 650.1594 232.5855 1.6332 1.6687 3.2157 0.3061 1.6913 22.0682 -7.8214 6.1672
154 Car -1 -1 -7.9852 681.9697 177.3596 733.9102 217.7559 1.4414 1.5280 3.4544 3.6745 1.6259 27.8607 -7.8560 4.7784
154 Car -1 -1 -8.3285 965.7555 165.8103 1048.0134 196.2680 1.4276 1.8083 4.2948 19.6304 1.0972 35.9857 -7.8328 3.5648
154 Car -1 -1 -8.1524 882.4539 165.5085 922.0255 187.8859 1.4885 1.6109 3.3182 20.0562 0.9996 49.7136 -7.7712 0.5246
155 Car -1 -1 -7.8318 591.9692 175.6886 651.3953 233.6951 1.6256 1.6811 3.2100 0.3381 1.7182 22.0147 -7.8175 6.7079
155 Car -1 -1 -8.4043 1048.8672 153.5793 1151.3640 202.3988 1.8249 1.6988 3.6682 19.4100 1.1041 28.8356 -7.8167 5.9161
155 Car -1 -1 -7.9860 685.6887 178.7618 740.8103 221.4365 1.4342 1.5397 3.4259 3.6720 1.6645 26.4405 -7.8502 5.1097
155 Car -1 -1 -8.3430 980.9274 165.5311 1064.1656 198.2556 1.4695 1.6930 4.1198 19.5535 1.1404 34.4805 -7.8311 3.1913
155 Car -1 -1 -8.1575 890.2281 166.2009 933.3828 190.6456 1.5730 1.6777 3.5067 20.0948 1.1445 48.2497 -7.7653 0.0275
156 Car -1 -1 -7.8292 592.9807 176.1015 652.6854 233.9078 1.6151 1.6863 3.1892 0.3763 1.7210 21.9706 -7.8132 6.7950
156 Car -1 -1 -8.3723 993.5767 165.2613 1087.2618 199.6502 1.4765 1.8198 4.2086 19.5627 1.1502 33.0946 -7.8426 5.5282
156 Car -1 -1 -7.9867 690.0435 178.7861 748.1696 225.1474 1.4694 1.5301 3.4199 3.6681 1.6889 25.0256 -7.8436 4.8045
156 Car -1 -1 -8.4424 1067.2532 152.0168 1183.4313 205.4260 1.8921 1.7578 3.8109 19.4304 1.1536 27.4851 -7.8323 4.5171
156 Car -1 -1 -4.0996 142.2218 176.9944 232.4886 216.4817 1.8248 1.7554 4.2421 -20.9961 2.0436 35.9932 -4.6247 -2.0842
157 Car -1 -1 -7.8300 593.6081 176.3423 654.1586 234.2758 1.6116 1.7040 3.2138 0.4060 1.7252 21.9105 -7.8126 6.3320
157 Car -1 -1 -8.4526 1093.4919 153.3300 1217.6384 209.1379 1.8632 1.7513 3.7171 19.4346 1.2111 25.9795 -7.8160 5.0607
157 Car -1 -1 -7.9991 694.0965 180.4073 757.9213 228.4763 1.4199 1.5401 3.5577 3.6771 1.6860 23.6581 -7.8475 4.5463
157 Car -1 -1 -8.3728 1012.7357 165.9762 1108.3987 200.0816 1.3949 1.7166 4.1073 19.5463 1.1133 31.5907 -7.8231 4.3925
158 Car -1 -1 -8.0016 700.0878 179.7081 767.3928 231.1426 1.4233 1.5187 3.4357 3.6702 1.6499 22.1550 -7.8404 6.0354
158 Car -1 -1 -7.8380 595.4421 175.1299 655.9893 233.6950 1.6318 1.7000 3.2336 0.4474 1.7057 21.8775 -7.8187 5.7683
158 Car -1 -1 -8.4881 1117.7814 149.4529 1241.0000 208.1539 1.8486 1.7337 3.7244 19.4141 1.1114 24.6088 -7.8262 4.6120
158 Car -1 -1 -8.4035 1028.9004 164.6794 1134.3776 200.6987 1.4040 1.7534 4.1683 19.5602 1.0851 30.2261 -7.8338 4.4963
158 Car -1 -1 -8.2498 915.3143 165.5942 965.6411 191.9373 1.5422 1.6332 3.2798 20.0150 1.1169 43.9030 -7.8248 -0.5972
159 Car -1 -1 -7.8423 597.0497 174.4749 657.0766 232.5387 1.6176 1.6818 3.2099 0.4794 1.6700 21.8245 -7.8214 5.9972
159 Car -1 -1 -8.0199 705.6335 178.8197 779.5161 234.4439 1.4400 1.5149 3.4198 3.6773 1.6255 20.7609 -7.8478 5.0362
159 Car -1 -1 -8.3706 1056.3060 164.7508 1161.0991 202.0434 1.3759 1.6655 3.9450 19.6123 1.0767 28.6537 -7.7753 2.9924
159 Car -1 -1 -8.5323 1146.4927 152.4766 1241.0000 209.9191 1.7029 1.7132 3.6527 19.4238 1.0985 23.2271 -7.8422 2.5451
159 Car -1 -1 -5.0252 913.6095 152.9814 978.7501 191.3218 2.1719 1.9222 5.5947 20.2247 1.0459 43.7642 -4.5950 -0.9361
160 Car -1 -1 -7.8462 597.6313 175.3598 658.7208 233.6823 1.6169 1.7072 3.2373 0.5055 1.6980 21.7884 -7.8241 6.7240
160 Car -1 -1 -8.0299 711.5884 179.6806 793.4155 239.6109 1.4307 1.5432 3.3975 3.6683 1.6293 19.3187 -7.8458 6.0242
160 Car -1 -1 -5.3243 1065.5656 164.1060 1191.1815 205.7598 1.4624 1.6838 4.3148 19.5165 1.1550 27.4901 -4.7122 1.4213
160 Car -1 -1 -5.3784 1180.2056 153.9852 1241.0000 211.1260 1.5752 1.6431 3.6771 19.3636 1.0547 21.7706 -4.6583 0.2663
160 Car -1 -1 -8.0824 939.4395 157.6809 989.8855 190.9461 1.8135 1.7300 3.9563 20.2668 0.9860 41.4572 -7.6307 -1.8959
161 Car -1 -1 -8.0456 719.0405 180.0396 808.8309 246.1842 1.4522 1.5293 3.3382 3.6589 1.6466 17.8785 -7.8478 6.4139
161 Car -1 -1 -7.8311 599.3103 176.0708 659.6671 234.4764 1.6117 1.6837 3.1940 0.5686 1.7156 21.7265 -7.8061 6.0730
161 Car -1 -1 -8.4813 1091.4392 164.3845 1226.0050 206.4866 1.3925 1.6402 4.2622 19.5308 1.1121 26.0052 -7.8427 4.7910
161 Car -1 -1 -8.1890 944.1465 158.5957 1005.1147 194.2713 1.8787 1.7848 4.0086 20.1367 1.1275 40.0971 -7.7268 -1.7300
161 Car -1 -1 -6.9137 1079.7783 142.0907 1178.5383 169.1455 1.4794 1.7696 4.3003 29.1256 -0.2137 40.6132 -6.2947 -1.8236
162 Car -1 -1 -8.0600 727.5217 181.2745 828.0808 253.8798 1.4437 1.5268 3.3796 3.6522 1.6550 16.4366 -7.8460 6.6677
162 Car -1 -1 -7.8505 601.1292 176.5485 661.2206 234.5020 1.5918 1.6693 3.2460 0.5850 1.7109 21.6752 -7.8248 6.0246
162 Car -1 -1 -8.5079 1113.4336 162.7961 1241.0000 208.9758 1.4386 1.6929 4.3124 19.4831 1.1249 24.6407 -7.8448 4.6872
162 Car -1 -1 -6.9406 1095.8477 141.5557 1193.1490 168.4747 1.4169 1.6394 4.0976 28.8969 -0.2431 39.1306 -6.3079 -0.9181
163 Car -1 -1 -8.0822 736.4476 181.0132 850.3685 261.5896 1.4523 1.5299 3.3448 3.6327 1.6408 15.0198 -7.8503 7.4955
163 Car -1 -1 -7.8398 601.6039 175.4207 662.3903 234.1377 1.6147 1.6860 3.2227 0.6265 1.6973 21.6317 -7.8121 6.9406
163 Car -1 -1 -5.3900 1140.4250 160.8915 1241.0000 211.4538 1.4872 1.7222 4.1082 19.4273 1.1351 23.2870 -4.7011 1.6926
163 Car -1 -1 -6.9364 1112.8397 138.4849 1208.8141 167.7807 1.4868 1.6605 3.7606 28.7270 -0.2717 37.7525 -6.2894 -0.8224
163 Car -1 -1 -8.3003 972.5191 163.6373 1031.9634 197.2918 1.6424 1.5225 2.9451 19.8588 1.1923 36.7179 -7.8082 -1.4374
164 Car -1 -1 -8.0911 747.8842 182.4670 877.1347 272.8103 1.4428 1.5249 3.4173 3.6120 1.6468 13.6103 -7.8380 7.5749
164 Car -1 -1 -7.8412 601.6378 176.2535 662.4708 235.0789 1.6096 1.6826 3.2114 0.6238 1.7186 21.5706 -7.8135 7.1844
164 Car -1 -1 -8.5053 1172.3832 162.2969 1241.0000 217.3099 1.5031 1.6731 4.0917 19.2867 1.2144 21.8111 -7.7882 1.0594
165 Car -1 -1 -8.1212 760.1967 184.0032 911.7499 288.0430 1.4585 1.5234 3.4141 3.5854 1.6732 12.1981 -7.8429 7.9042
165 Car -1 -1 -7.8501 602.8651 177.6568 662.6521 236.7025 1.6078 1.6509 3.1534 0.6278 1.7614 21.5102 -7.8222 6.0555
165 Car -1 -1 -8.3100 990.5977 152.7746 1064.9292 197.5341 2.0230 1.6849 3.4890 19.7861 1.1151 34.4040 -7.7920 -0.3483
166 Car -1 -1 -8.1543 776.0021 185.5091 959.7210 307.1704 1.4650 1.5437 3.4388 3.5753 1.6840 10.7754 -7.8432 7.6172
166 Car -1 -1 -7.8462 602.2201 178.4279 662.8212 237.3759 1.5926 1.6656 3.2957 0.6268 1.7713 21.4878 -7.8183 6.6912
167 Car -1 -1 -8.1869 796.8203 187.6313 1022.5565 330.3546 1.4421 1.5615 3.4268 3.5677 1.6692 9.3763 -7.8349 7.9773
167 Car -1 -1 -7.8507 602.8685 178.6583 663.6821 237.5431 1.5834 1.6640 3.2442 0.6375 1.7683 21.3745 -7.8222 5.2914
168 Car -1 -1 -8.2418 820.0777 187.2651 1119.8983 367.1716 1.4683 1.5976 3.4829 3.5318 1.6614 7.9244 -7.8375 6.7390
168 Car -1 -1 -7.8612 601.8994 177.7517 663.3993 237.7134 1.6167 1.6816 3.2296 0.6005 1.7724 21.3518 -7.8343 6.3898
169 Car -1 -1 -7.8492 601.8544 177.7798 663.3212 238.3098 1.6231 1.6726 3.2524 0.6163 1.7793 21.2697 -7.8216 6.3665
169 Car -1 -1 -8.3318 853.4211 189.3489 1241.0000 374.0000 1.4340 1.5679 3.5377 3.5228 1.6230 6.5108 -7.8558 5.8964
170 Car -1 -1 -7.8608 602.4655 178.4640 663.4753 238.4013 1.5973 1.6528 3.2844 0.6051 1.7747 21.1981 -7.8336 6.3885
170 Car -1 -1 -8.4261 900.6136 189.0280 1241.0000 374.0000 1.4936 1.6099 3.6628 3.5113 1.6478 5.0572 -7.8472 4.2740
171 Car -1 -1 -7.8542 601.9359 179.0498 664.2204 240.2870 1.6243 1.6820 3.2450 0.6172 1.8195 21.1172 -7.8263 6.0751
171 Car -1 -1 -8.5592 979.3486 194.3654 1241.0000 374.0000 1.4868 1.6236 3.5636 3.4968 1.6484 3.6336 -7.8336 3.1194
172 Car -1 -1 -7.8478 601.5578 179.6995 664.1252 240.9465 1.6135 1.6817 3.2275 0.6180 1.8282 21.0167 -7.8197 6.4100
172 Car -1 -1 -8.7658 1092.4832 208.9254 1241.0000 374.0000 1.4715 1.6268 3.9456 3.4405 1.6783 2.1378 -7.8119 0.9743
172 Car -1 -1 -8.6215 1135.7162 130.8002 1241.0000 220.0136 2.4373 2.1010 5.6884 19.6681 1.2881 22.6131 -7.9124 -1.9158
173 Car -1 -1 -7.8486 602.2512 180.1792 664.9977 241.6867 1.6117 1.6796 3.2111 0.6364 1.8405 20.9296 -7.8195 7.0753
174 Car -1 -1 -7.8395 601.9256 179.9826 664.8667 241.1970 1.5961 1.6771 3.2353 0.6428 1.8181 20.8509 -7.8100 8.1114
175 Car -1 -1 -7.8461 602.9128 179.0724 665.4839 241.3027 1.6188 1.6576 3.1989 0.6502 1.8111 20.7244 -7.8161 6.3183
176 Car -1 -1 -7.8611 602.2085 178.2534 665.2099 240.5378 1.6166 1.6604 3.2014 0.6075 1.7828 20.6261 -7.8330 6.3647
177 Car -1 -1 -7.8575 601.7342 177.6120 664.5169 240.3659 1.6255 1.6488 3.2437 0.5952 1.7717 20.5798 -7.8299 6.4009
178 Car -1 -1 -7.8590 601.7280 176.9425 664.9319 239.1314 1.6078 1.6535 3.1961 0.5954 1.7327 20.4832 -7.8313 5.8360
179 Car -1 -1 -7.8493 600.6329 176.8073 664.4344 239.2917 1.6060 1.6600 3.2733 0.5872 1.7267 20.4179 -7.8219 6.3251
180 Car -1 -1 -7.8747 601.5109 176.6117 664.9142 239.4579 1.6121 1.6434 3.1988 0.5597 1.7259 20.3042 -7.8484 6.8127
181 Car -1 -1 -7.8755 599.8369 176.3388 663.9653 239.8303 1.6225 1.6547 3.2578 0.5189 1.7278 20.2484 -7.8511 7.1356
181 Car -1 -1 -3.9288 129.1029 193.7269 237.5897 236.7794 1.4277 1.6007 3.4479 -16.2617 2.2802 27.6108 -4.4571 -1.5395
182 Car -1 -1 -7.8578 599.7981 175.2408 664.0524 238.8326 1.6189 1.6476 3.2231 0.5463 1.6906 20.1207 -7.8319 7.6539
183 Car -1 -1 -7.8584 599.1891 173.8447 663.8413 237.7829 1.6295 1.6530 3.2178 0.5321 1.6590 20.0645 -7.8332 8.1117
184 Car -1 -1 -7.8620 598.4887 171.6995 663.9111 235.2752 1.6190 1.6667 3.2327 0.5155 1.5893 20.0041 -7.8374 6.6460
185 Car -1 -1 -7.8691 599.2831 171.5578 664.6692 235.2207 1.6115 1.6555 3.2937 0.5213 1.5784 19.9196 -7.8442 5.9348
186 Car -1 -1 -7.8600 597.1412 171.9455 663.0859 235.9395 1.6172 1.6672 3.1687 0.4842 1.5939 19.8320 -7.8368 5.8417
187 Car -1 -1 -7.8759 598.1206 171.5909 663.9491 235.7752 1.6178 1.6593 3.2031 0.4809 1.5857 19.7894 -7.8528 5.4718
188 Car -1 -1 -7.8686 597.4305 171.4399 663.0856 236.1062 1.6252 1.6503 3.2458 0.4709 1.5894 19.7633 -7.8460 6.7212
189 Car -1 -1 -7.8530 596.7440 171.8975 663.4893 237.3041 1.6388 1.6736 3.2430 0.4927 1.6145 19.7202 -7.8292 5.5566
190 Car -1 -1 -7.8654 597.3484 173.3276 663.1877 237.2623 1.5954 1.6455 3.1881 0.4734 1.6090 19.6322 -7.8425 7.3321
191 Car -1 -1 -7.8517 597.1030 173.9987 663.6311 238.2792 1.5988 1.6613 3.1971 0.4988 1.6322 19.6238 -7.8276 7.7772
191 Car -1 -1 -4.5117 52.0436 168.2587 110.0213 199.5562 1.5772 1.7110 4.0640 -28.2217 1.3453 38.5638 -5.1403 -2.0192
192 Car -1 -1 -7.8524 597.2314 175.0835 664.2222 240.1555 1.6100 1.6690 3.1889 0.5060 1.6752 19.5783 -7.8279 7.0983
193 Car -1 -1 -7.8741 598.0564 175.8869 663.5738 241.0546 1.6080 1.6304 3.2381 0.4711 1.6968 19.5764 -7.8513 7.0828
194 Car -1 -1 -7.8673 598.1163 176.1005 664.1151 241.3148 1.6076 1.6419 3.1885 0.4905 1.7025 19.5492 -7.8435 7.2858
195 Car -1 -1 -7.8608 597.6846 175.7254 663.5417 241.3230 1.6183 1.6383 3.2023 0.4881 1.7022 19.5561 -7.8371 7.2876
196 Car -1 -1 -7.8720 598.1816 175.9537 664.5682 241.3075 1.6107 1.6505 3.2388 0.4893 1.7014 19.5608 -7.8483 6.3069
197 Car -1 -1 -7.8657 597.8539 176.1385 664.3641 241.4276 1.6083 1.6540 3.2638 0.4933 1.7046 19.5808 -7.8418 6.7101
198 Car -1 -1 -7.8540 596.9104 175.2974 664.3254 240.9857 1.6231 1.6781 3.1905 0.4999 1.6945 19.5632 -7.8298 6.7302
198 Car -1 -1 -8.0296 699.9843 160.4787 732.7205 184.5101 2.1248 2.0781 5.2906 9.7171 1.0303 66.4726 -7.8853 -2.0704
199 Car -1 -1 -7.8462 597.4499 174.9574 664.3029 240.0062 1.6090 1.6653 3.2306 0.5212 1.6706 19.5959 -7.8209 6.6267
200 Car -1 -1 -7.8503 598.0270 173.7395 665.1902 239.5451 1.6332 1.6725 3.1911 0.5333 1.6589 19.5705 -7.8243 6.5122
201 Car -1 -1 -7.8514 598.6411 174.3537 664.8669 239.8367 1.6245 1.6512 3.2516 0.5369 1.6684 19.6241 -7.8254 7.0539
202 Car -1 -1 -7.8555 598.5862 174.8064 665.1123 240.7240 1.6367 1.6619 3.2291 0.5331 1.6940 19.6468 -7.8297 7.4052
202 Car -1 -1 -4.8766 709.8757 155.7253 750.7614 193.4491 2.7196 2.1275 5.8129 9.0482 1.4845 54.9262 -4.7146 -1.0090
203 Car -1 -1 -7.8662 598.2766 175.3060 665.0159 241.2959 1.6411 1.6712 3.1830 0.5103 1.7131 19.6647 -7.8416 6.7128
204 Car -1 -1 -7.8692 598.6088 175.5090 664.8737 240.9562 1.6276 1.6605 3.2593 0.5085 1.7059 19.7143 -7.8447 6.6668
205 Car -1 -1 -7.8542 597.7488 176.2330 664.2269 241.2977 1.6165 1.6685 3.2462 0.5147 1.7163 19.7395 -7.8295 6.5097
206 Car -1 -1 -7.8546 597.8835 176.0664 665.1857 240.9203 1.6143 1.6916 3.2419 0.5297 1.7093 19.7639 -7.8291 6.4756
207 Car -1 -1 -7.8441 597.8810 175.8858 663.8914 240.7349 1.6187 1.6638 3.2483 0.5317 1.7086 19.8173 -7.8186 7.0418
208 Car -1 -1 -7.8486 597.3029 175.6583 663.6069 239.9461 1.6079 1.6733 3.2716 0.5132 1.6913 19.8518 -7.8240 5.6996
208 Car -1 -1 -8.3423 1119.6774 149.1117 1211.0125 185.9140 1.5944 1.6773 3.9223 25.4793 0.5655 33.3287 -7.6938 -1.1054
209 Car -1 -1 -7.8556 596.8382 175.4224 663.3717 240.3804 1.6299 1.6826 3.2908 0.4927 1.7064 19.8997 -7.8321 6.7429
210 Car -1 -1 -7.8497 595.8688 176.1383 662.4870 240.6061 1.6167 1.6877 3.2603 0.4780 1.7146 19.9151 -7.8270 6.6892
211 Car -1 -1 -7.8571 594.8862 175.2659 660.8510 239.8295 1.6307 1.6780 3.2114 0.4307 1.7026 19.9655 -7.8367 6.3207
212 Car -1 -1 -7.8438 592.6744 175.4205 658.6516 239.1164 1.6110 1.6823 3.1728 0.3929 1.6875 19.9882 -7.8253 6.7603
213 Car -1 -1 -7.8493 591.6305 175.1364 656.9419 238.7561 1.6146 1.6691 3.1595 0.3464 1.6826 20.0227 -7.8331 6.0018
214 Car -1 -1 -7.8457 589.8947 175.9545 655.5429 239.4397 1.6157 1.6866 3.2022 0.3113 1.7089 20.1414 -7.8314 6.5144
214 Car -1 -1 -4.7533 162.1459 192.8902 214.0277 234.8513 1.4401 1.6377 4.0387 -17.0189 2.3032 28.9514 -5.2810 -2.1236
215 Car -1 -1 -7.8297 588.6553 175.9076 653.1039 239.2479 1.6142 1.6595 3.2125 0.2881 1.7062 20.1820 -7.8165 6.8154
215 Car -1 -1 -2.9608 113.6767 194.8022 237.2547 238.0774 1.4366 1.6384 3.6923 -16.0606 2.2942 26.7928 -3.4967 -1.3752
216 Car -1 -1 -7.8546 586.7535 175.3453 651.6583 237.8560 1.6022 1.6757 3.2365 0.1999 1.6775 20.2486 -7.8458 6.8055
217 Car -1 -1 -7.8407 586.1710 175.3566 650.2949 237.1768 1.5929 1.6655 3.2115 0.1976 1.6688 20.3466 -7.8320 6.8416
218 Car -1 -1 -7.8428 584.5472 175.2205 648.8271 237.2756 1.6074 1.6775 3.2369 0.1517 1.6796 20.4480 -7.8364 6.5876
219 Car -1 -1 -7.8372 583.8898 175.3924 647.5862 237.6440 1.6195 1.6708 3.2724 0.1356 1.6974 20.5606 -7.8316 6.6423
220 Car -1 -1 -7.8334 582.7020 176.0081 646.3586 238.2007 1.6219 1.6769 3.2696 0.1086 1.7190 20.6394 -7.8291 6.6207
221 Car -1 -1 -7.8403 582.9014 175.8450 646.1146 237.3921 1.6167 1.6755 3.1917 0.0960 1.7089 20.7193 -7.8366 6.6917
222 Car -1 -1 -7.8213 581.6088 176.2087 644.5181 236.9472 1.6010 1.6775 3.2371 0.0882 1.7053 20.8487 -7.8180 6.9634
223 Car -1 -1 -7.8333 581.5667 176.9650 643.5546 237.7518 1.6080 1.6607 3.2462 0.0536 1.7364 20.9505 -7.8317 7.3952
224 Car -1 -1 -7.8229 582.0091 177.0381 643.5497 237.6743 1.6120 1.6585 3.2460 0.0783 1.7434 21.0596 -7.8201 6.4955
225 Car -1 -1 -7.8158 581.7289 176.8228 643.3168 237.3377 1.6209 1.6719 3.1893 0.0823 1.7460 21.1677 -7.8129 7.2554
226 Car -1 -1 -7.8283 581.0332 176.7450 642.1292 236.9897 1.6220 1.6652 3.2480 0.0348 1.7453 21.2837 -7.8276 7.5462
227 Car -1 -1 -7.8222 580.0599 176.7301 641.0010 236.4751 1.6195 1.6729 3.2383 0.0144 1.7431 21.4165 -7.8225 7.4260
228 Car -1 -1 -7.7984 579.2083 178.0165 640.5750 237.6370 1.6163 1.6541 3.2652 0.0151 1.7820 21.5268 -7.7986 6.4106
229 Car -1 -1 -7.7945 578.9390 178.4848 640.3912 237.5901 1.6069 1.6516 3.2792 0.0086 1.7884 21.6225 -7.7950 5.3687
230 Car -1 -1 -7.8318 579.5139 178.3154 638.8444 237.3532 1.6174 1.6521 3.2666 -0.0418 1.7940 21.7212 -7.8346 6.7164
230 Car -1 -1 -5.4599 685.5549 179.8301 740.5615 202.4255 1.5862 1.7232 4.1490 7.6668 2.1312 54.2035 -5.3206 -1.8993
231 Car -1 -1 -7.8205 577.7502 179.1473 636.6501 236.8193 1.5838 1.6503 3.3176 -0.0812 1.7888 21.8638 -7.8250 6.2020
232 Car -1 -1 -7.8184 577.2509 178.8029 635.7051 236.7595 1.6021 1.6470 3.3324 -0.0995 1.7970 21.9835 -7.8237 5.4999
233 Car -1 -1 -7.8107 577.3145 177.7451 635.8869 235.9077 1.6223 1.6540 3.2107 -0.0887 1.7825 22.0369 -7.8156 6.2204
234 Car -1 -1 -7.8080 576.8580 177.7738 635.4384 234.9253 1.6009 1.6533 3.2072 -0.1031 1.7626 22.1289 -7.8135 5.2570
235 Car -1 -1 -7.8089 577.0795 177.8291 635.2595 234.8484 1.6057 1.6527 3.1682 -0.1040 1.7697 22.2161 -7.8144 5.5135
236 Car -1 -1 -7.8004 576.9627 177.5124 635.5981 234.7383 1.6199 1.6475 3.2405 -0.0996 1.7746 22.3525 -7.8056 6.0591
237 Car -1 -1 -7.8034 576.2958 177.3035 634.8019 234.4321 1.6249 1.6595 3.2767 -0.1221 1.7734 22.4565 -7.8096 6.0011
238 Car -1 -1 -7.7979 576.3860 177.1126 635.1115 233.9181 1.6245 1.6584 3.1921 -0.1179 1.7668 22.5154 -7.8039 5.9519
239 Car -1 -1 -7.7975 576.5508 176.8853 635.5151 232.8946 1.6087 1.6701 3.2884 -0.1075 1.7444 22.6515 -7.8030 6.1579
240 Car -1 -1 -7.8035 576.8907 176.4758 635.4668 232.5776 1.6214 1.6857 3.2087 -0.1050 1.7433 22.7054 -7.8089 6.4260
241 Car -1 -1 -7.7959 577.4623 176.6552 636.1343 232.1942 1.6081 1.6698 3.2099 -0.0859 1.7364 22.7646 -7.8004 6.3992
242 Car -1 -1 -7.7843 577.4575 177.2338 637.2604 232.8279 1.6139 1.6780 3.2092 -0.0678 1.7625 22.8641 -7.7881 6.1354
243 Car -1 -1 -7.7856 577.8657 176.7490 636.8968 232.3587 1.6196 1.6581 3.3093 -0.0661 1.7524 22.9579 -7.7893 6.2145
244 Car -1 -1 -7.7822 577.7794 176.1052 636.6949 230.4342 1.5885 1.6459 3.3679 -0.0700 1.6999 23.0410 -7.7860 5.6364
245 Car -1 -1 -7.7868 578.9623 175.0432 637.1666 229.5108 1.6028 1.6444 3.3290 -0.0451 1.6777 23.0844 -7.7895 6.0949
246 Car -1 -1 -7.7869 579.5580 175.2348 637.5824 229.5591 1.6038 1.6460 3.3202 -0.0295 1.6855 23.1614 -7.7890 6.3483
247 Car -1 -1 -7.7935 580.3488 175.4008 638.0660 229.8124 1.6130 1.6655 3.3000 -0.0096 1.7008 23.2452 -7.7948 5.9250
248 Car -1 -1 -7.8016 580.8247 175.6608 637.7295 229.6234 1.6027 1.6686 3.3552 -0.0069 1.6999 23.3274 -7.8027 6.3817
249 Car -1 -1 -7.7936 582.1733 175.4265 639.4927 229.1618 1.6031 1.6653 3.2351 0.0412 1.6920 23.3503 -7.7926 5.9924
250 Car -1 -1 -7.7928 583.2598 175.7692 640.4052 229.6290 1.6078 1.6594 3.2750 0.0742 1.7089 23.4089 -7.7905 5.7911
251 Car -1 -1 -7.7934 583.7927 175.5815 640.7423 229.1709 1.6042 1.6574 3.3563 0.0901 1.6993 23.5032 -7.7904 6.0550
252 Car -1 -1 -7.8053 585.0338 174.9982 641.3676 228.6142 1.6118 1.6799 3.3378 0.1199 1.6866 23.5392 -7.8010 6.4936
253 Car -1 -1 -7.7777 585.2455 176.0157 643.3860 229.1651 1.5927 1.6506 3.3533 0.1578 1.7032 23.5669 -7.7718 5.1143
254 Car -1 -1 -7.7761 586.4462 176.4194 644.9805 230.6772 1.6296 1.6658 3.3155 0.2034 1.7545 23.6197 -7.7684 6.7548
255 Car -1 -1 -7.8058 587.9200 178.1567 644.1528 230.9810 1.5810 1.6871 3.3969 0.2147 1.7676 23.6881 -7.7976 6.3746
256 Car -1 -1 -7.7907 589.7360 177.5441 646.2950 230.4954 1.5912 1.6552 3.2672 0.2767 1.7557 23.6719 -7.7800 6.0919
257 Car -1 -1 -7.7927 591.4376 177.1004 647.7697 230.0704 1.5942 1.6532 3.3378 0.3306 1.7437 23.7181 -7.7797 6.1851
258 Car -1 -1 -7.7906 593.0941 176.6498 649.9257 229.8787 1.6079 1.6675 3.3184 0.3939 1.7417 23.7609 -7.7750 6.5094
259 Car -1 -1 -7.8018 596.0626 176.4933 651.3135 229.7984 1.6132 1.6534 3.3267 0.4649 1.7416 23.7888 -7.7833 5.8054
260 Car -1 -1 -7.7941 595.2983 176.4837 652.0193 230.4021 1.6336 1.6806 3.2436 0.4633 1.7614 23.7704 -7.7757 5.3266
261 Car -1 -1 -7.8223 597.2002 176.3761 651.8393 229.6223 1.6166 1.6796 3.3276 0.4804 1.7410 23.8369 -7.8032 5.6603
262 Car -1 -1 -7.8299 598.0692 176.6501 652.7859 230.1468 1.6259 1.6839 3.2912 0.4969 1.7599 23.8492 -7.8101 4.7379
262 Car -1 -1 -3.4304 904.4036 153.9549 977.7594 176.9000 1.5541 1.7566 4.2980 22.8677 0.2737 50.0342 -3.0040 -2.0654
263 Car -1 -1 -7.7910 600.0073 176.2999 655.9328 229.5234 1.6166 1.6458 3.3798 0.6101 1.7388 23.8982 -7.7666 5.6489
264 Car -1 -1 -7.8090 600.3425 177.2520 654.9327 230.3699 1.6135 1.6654 3.2071 0.5937 1.7686 23.8482 -7.7853 6.2100
265 Car -1 -1 -7.8103 601.9344 177.4566 656.3025 230.5769 1.6125 1.6619 3.2739 0.6447 1.7753 23.8858 -7.7845 6.5598
265 Car -1 -1 -6.0024 1167.3673 139.3715 1241.0000 190.3991 1.8741 1.8185 4.2613 25.1092 0.6441 28.7810 -5.2900 -2.0406
266 Car -1 -1 -7.8254 602.7797 176.7286 656.5226 230.1988 1.6274 1.6572 3.2965 0.6454 1.7645 23.8960 -7.7995 6.4298
266 Car -1 -1 -7.5995 1198.0487 144.2178 1241.0000 194.4833 1.8820 1.7568 4.2551 25.4047 0.8095 28.9427 -6.8842 -2.1903
267 Car -1 -1 -7.8120 603.5286 176.8053 657.5271 229.9842 1.6188 1.6564 3.2647 0.6912 1.7586 23.9005 -7.7842 6.2238
267 Car -1 -1 -4.4607 597.5444 176.2570 626.7377 193.9592 1.5584 1.6912 4.2659 0.2138 1.8833 66.6728 -4.4579 -0.3476
267 Car -1 -1 -4.5075 573.5312 176.8677 598.1990 193.7289 1.5400 1.6403 3.6690 -2.2922 1.9332 68.7775 -4.5411 -0.8914
267 Car -1 -1 -4.3370 814.0212 166.1561 848.4744 183.8994 1.6225 1.7503 4.0545 20.8897 1.0097 68.1118 -4.0408 -1.4503
268 Car -1 -1 -7.8093 604.6239 176.9509 658.8568 229.7527 1.6082 1.6576 3.2303 0.7310 1.7531 23.9070 -7.7799 7.1540
268 Car -1 -1 -4.4047 592.5178 176.7017 624.7714 195.1078 1.5387 1.7351 3.8951 -0.1068 1.8874 63.3239 -4.4068 0.5077
268 Car -1 -1 -4.6199 566.4783 177.6855 588.2570 194.7525 1.4904 1.6474 3.8382 -2.9817 1.9456 66.0725 -4.6652 -0.8398
269 Car -1 -1 -7.8079 604.7800 176.8593 659.0821 229.4058 1.6012 1.6560 3.2688 0.7390 1.7432 23.9372 -7.7782 6.5130
269 Car -1 -1 -4.5661 590.4390 177.5108 616.1746 195.5182 1.4312 1.6337 3.6843 -0.5540 1.8325 60.2850 -4.5757 1.2579
269 Car -1 -1 -4.5744 561.1768 179.0477 585.5663 197.0366 1.4808 1.6179 3.7463 -3.1746 2.0350 62.6639 -4.6252 0.2572
270 Car -1 -1 -7.8348 606.4036 177.0230 659.9575 229.8311 1.6101 1.6549 3.2830 0.7474 1.7579 23.9453 -7.8047 6.2891
270 Car -1 -1 -4.5660 585.0579 177.8078 612.3192 196.7079 1.4147 1.6143 3.8569 -0.8881 1.8202 57.0841 -4.5819 1.0232
270 Car -1 -1 -4.4021 553.9272 178.9069 586.5453 197.8848 1.4802 1.6675 3.5984 -3.2689 1.9952 59.4748 -4.4572 0.7197
271 Car -1 -1 -7.8169 607.1888 176.3522 660.6454 229.7551 1.6315 1.6538 3.2387 0.8015 1.7554 23.9359 -7.7846 6.6002
271 Car -1 -1 -7.7035 578.5659 176.8018 608.7198 198.2881 1.5241 1.7093 3.7605 -1.2140 1.8294 53.8793 -7.7263 1.3962
271 Car -1 -1 -4.3614 545.9156 178.5342 582.6180 198.5166 1.4792 1.7154 3.6696 -3.5737 1.9399 56.5547 -4.4246 0.1514
272 Car -1 -1 -7.8143 607.5551 176.8520 661.1997 229.6160 1.6108 1.6574 3.2324 0.8194 1.7525 23.9532 -7.7814 6.5372
272 Car -1 -1 -4.5035 570.2712 177.8648 605.1727 200.3115 1.4863 1.6964 3.8357 -1.5553 1.8524 50.7228 -4.5345 1.7620
272 Car -1 -1 -4.3702 537.9406 179.6736 573.5491 200.2118 1.4365 1.6101 3.3297 -4.0173 1.9589 53.4907 -4.4452 0.4993
272 Car -1 -1 -3.1523 1117.8527 153.0074 1239.2086 189.8056 1.5313 1.7951 4.1312 25.0370 0.7051 31.9899 -2.4927 -1.7594
273 Car -1 -1 -7.8115 608.3486 176.8142 662.2318 229.4830 1.6083 1.6567 3.2411 0.8504 1.7488 23.9653 -7.7772 6.8348
273 Car -1 -1 -4.5510 563.3822 178.2672 598.9385 202.2314 1.4809 1.6984 4.2199 -1.8936 1.8555 47.7781 -4.5908 2.3373
273 Car -1 -1 -4.4898 530.4157 180.1794 564.6823 201.3997 1.3910 1.6469 3.5439 -4.3592 1.9219 50.4530 -4.5760 1.5292
274 Car -1 -1 -7.8263 608.4246 176.8197 662.1285 229.3638 1.6055 1.6631 3.2566 0.8321 1.7462 23.9765 -7.7929 6.1178
274 Car -1 -1 -4.5423 554.7772 178.5370 592.6836 203.9926 1.4598 1.6821 3.9740 -2.2167 1.8254 44.3781 -4.5924 3.0386
274 Car -1 -1 -4.4757 520.5071 179.9344 557.3551 203.2136 1.4342 1.6318 3.5222 -4.6642 1.9176 47.4395 -4.5736 1.8702
274 Car -1 -1 -8.9541 1033.7213 192.0335 1241.0000 374.0000 1.5854 1.7095 4.1472 4.3358 1.7350 3.4207 -8.0934 -1.8540
275 Car -1 -1 -7.8402 609.1934 176.4959 662.8565 228.3164 1.5869 1.6628 3.2948 0.8350 1.7163 24.0169 -7.8066 5.6943
275 Car -1 -1 -4.5431 544.6092 177.9210 586.6195 206.2271 1.5053 1.7438 4.0198 -2.5167 1.8091 41.2117 -4.6042 3.6425
275 Car -1 -1 -4.5222 511.2018 179.6637 547.9385 204.2073 1.4179 1.6213 3.4911 -4.9515 1.8545 44.4891 -4.6328 2.5564
276 Car -1 -1 -7.8328 609.8707 174.9477 663.4007 227.8083 1.6242 1.6573 3.3074 0.8675 1.6985 24.0025 -7.7979 6.1611
276 Car -1 -1 -4.5327 536.0035 177.8527 579.5254 207.9128 1.4722 1.6455 3.7088 -2.7307 1.7479 37.9124 -4.6046 3.7106
276 Car -1 -1 -4.4267 498.0323 179.9518 541.6776 205.7384 1.3793 1.6064 3.3393 -5.1571 1.8033 41.3508 -4.5504 2.3621
276 Car -1 -1 -8.2398 1081.4977 239.6239 1241.0000 374.0000 1.4359 1.5592 3.3200 3.7243 1.9502 3.7338 -7.4961 -1.4657
277 Car -1 -1 -7.8260 611.2991 173.9210 664.5930 226.7616 1.6295 1.6517 3.2592 0.9220 1.6671 23.9979 -7.7889 6.3802
277 Car -1 -1 -4.5532 524.7785 177.9992 571.6879 210.3933 1.4452 1.6544 3.9362 -2.9630 1.7079 34.8569 -4.6378 4.6040
277 Car -1 -1 -4.4677 483.3180 179.3594 530.2911 207.4342 1.3879 1.6317 3.6988 -5.4859 1.7520 38.4863 -4.6087 2.5716
278 Car -1 -1 -7.8267 611.8671 174.9022 664.9570 227.7249 1.6255 1.6465 3.2945 0.9382 1.6982 24.0320 -7.7889 6.5005
278 Car -1 -1 -4.5351 510.3698 178.5459 563.6185 214.8978 1.4631 1.6752 3.8049 -3.1743 1.7277 31.6166 -4.6349 4.8372
278 Car -1 -1 -4.4584 468.2016 180.7473 517.7017 211.5626 1.3933 1.5734 3.4579 -5.7169 1.7993 35.3397 -4.6181 2.7405
279 Car -1 -1 -7.8338 612.5978 174.8541 666.0444 227.4628 1.6224 1.6600 3.2403 0.9561 1.6933 24.0435 -7.7953 6.1508
279 Car -1 -1 -4.5271 493.9951 179.1298 554.0477 220.0540 1.4692 1.6708 3.8447 -3.3615 1.7338 28.4844 -4.6440 6.0077
279 Car -1 -1 -4.4474 449.8947 180.6660 506.1774 215.8627 1.4431 1.5779 3.6347 -5.8811 1.8128 32.2957 -4.6266 2.8530
280 Car -1 -1 -4.5109 473.7445 180.8873 543.0514 226.3758 1.4225 1.6436 3.9428 -3.5169 1.7263 25.2972 -4.6482 6.2713
280 Car -1 -1 -7.8524 612.9653 174.9453 666.5724 227.5685 1.6236 1.6648 3.2667 0.9399 1.6979 24.0589 -7.8146 5.5290
280 Car -1 -1 -4.4256 426.1411 182.4512 490.8217 220.4670 1.3938 1.6113 3.5891 -6.1085 1.8072 29.2455 -4.6302 3.5407
281 Car -1 -1 -4.5043 447.6792 182.3592 528.5480 234.9813 1.4153 1.6715 3.8369 -3.6710 1.7315 22.0664 -4.6679 6.5764
281 Car -1 -1 -7.8470 613.7726 175.1337 667.8920 227.9037 1.6306 1.6843 3.2311 0.9859 1.7116 24.0911 -7.8073 5.9856
281 Car -1 -1 -4.3992 396.8470 182.1944 472.4623 226.8815 1.4553 1.6267 3.5857 -6.3040 1.8171 26.1223 -4.6342 3.4575
282 Car -1 -1 -4.4743 412.1437 183.6681 511.3865 246.4503 1.4165 1.6579 3.9199 -3.8132 1.7302 18.9587 -4.6708 6.4972
282 Car -1 -1 -7.8334 614.6335 174.9510 668.6693 227.9218 1.6400 1.6853 3.1926 1.0369 1.7146 24.1151 -7.7917 6.4901
282 Car -1 -1 -4.3395 359.8756 184.8963 449.4876 235.6092 1.4261 1.5589 3.5243 -6.4864 1.8401 22.9913 -4.6121 3.0945
283 Car -1 -1 -4.4290 364.2468 185.1603 489.8914 262.6100 1.4180 1.6403 3.7687 -3.8822 1.7189 15.7393 -4.6677 6.4586
283 Car -1 -1 -7.8472 616.2609 174.7917 669.5106 227.1422 1.6245 1.6627 3.2564 1.0581 1.6936 24.1805 -7.8048 6.1927
283 Car -1 -1 -4.3054 312.6037 186.5465 421.5456 245.4760 1.4071 1.5857 3.4603 -6.6105 1.8177 19.8566 -4.6233 2.8993
283 Car -1 -1 -5.9705 885.0731 163.3918 953.6006 188.3905 1.4584 1.5505 3.5207 18.7292 0.9061 43.8317 -5.5693 -1.7859
284 Car -1 -1 -4.3836 288.9280 187.1717 458.1240 288.4281 1.4299 1.6311 3.7982 -3.9822 1.7189 12.6551 -4.6832 7.2991
284 Car -1 -1 -7.8346 616.5912 174.9211 670.0795 227.3038 1.6266 1.6729 3.1941 1.0943 1.7003 24.1827 -7.7907 6.0199
284 Car -1 -1 -4.2775 251.0141 187.3471 390.6577 259.1526 1.4169 1.5829 3.7470 -6.6625 1.7954 16.9343 -4.6476 2.8890
285 Car -1 -1 -4.2905 147.9229 189.9756 411.6740 334.5981 1.4327 1.6645 3.7979 -4.0718 1.7039 9.5234 -4.6853 6.3438
285 Car -1 -1 -7.8429 617.1296 174.9276 670.7136 226.7005 1.6106 1.6785 3.2536 1.1035 1.6848 24.2507 -7.7987 6.2031
285 Car -1 -1 -4.2081 152.9904 189.0345 339.4903 277.7528 1.3864 1.5437 3.7494 -6.8188 1.7405 13.8880 -4.6574 2.2053
286 Car -1 -1 -7.8309 619.1951 174.6753 671.6110 226.2333 1.6083 1.6460 3.2102 1.1749 1.6734 24.2830 -7.7839 5.8788
286 Car -1 -1 -4.1472 0.0000 194.7087 334.1298 374.0000 1.4531 1.6575 3.8687 -4.1012 1.7061 6.4149 -4.6980 5.5869
286 Car -1 -1 -4.1167 2.0526 193.7410 274.6396 315.3076 1.3972 1.5286 3.7513 -6.8059 1.7665 10.8579 -4.6660 2.1949
287 Car -1 -1 -7.8599 619.5514 174.8095 673.0901 226.5387 1.6176 1.6840 3.2700 1.1602 1.6878 24.3563 -7.8136 6.1772
287 Car -1 -1 -3.8548 0.0000 208.0779 182.9776 374.0000 1.4762 1.6510 4.0229 -4.1281 1.7420 3.4250 -4.6949 2.3358
287 Car -1 -1 -4.0080 0.0000 195.4202 177.3048 373.0717 1.4003 1.5876 3.8563 -6.8995 1.7147 8.1212 -4.6962 2.1979
288 Car -1 -1 -7.8428 620.7081 174.5333 674.2427 225.9094 1.6105 1.6877 3.2176 1.2296 1.6708 24.3828 -7.7938 6.3115
289 Car -1 -1 -7.8380 620.7719 174.4740 673.9692 225.8609 1.6149 1.6815 3.2789 1.2395 1.6733 24.4726 -7.7887 7.0052
290 Car -1 -1 -7.8391 620.5838 174.6650 673.8171 226.3842 1.6283 1.6864 3.2660 1.2339 1.6937 24.5176 -7.7902 6.9636
291 Car -1 -1 -7.8457 620.3012 174.6808 672.9604 226.5424 1.6378 1.6728 3.2528 1.2063 1.7040 24.5748 -7.7980 6.2808
292 Car -1 -1 -7.8486 620.3036 174.8859 672.0702 226.6095 1.6378 1.6495 3.2707 1.1905 1.7116 24.6544 -7.8016 5.8116
293 Car -1 -1 -7.8628 619.7994 174.8255 672.0980 225.9733 1.6264 1.6727 3.3180 1.1630 1.6984 24.7629 -7.8172 6.0073
