0 Car -1 -1 -4.7776 479.1199 164.4146 512.1387 192.3590 1.4436 1.5339 3.8717 -6.0228 0.6128 38.5809 -4.9292 2.4734
0 Car -1 -1 -6.8551 1032.1147 161.5286 1175.3235 208.7183 1.7080 1.7843 4.0821 18.6022 1.0216 26.5540 -6.2481 1.7992
0 Car -1 -1 -4.6672 496.9948 166.4579 526.1761 189.4142 1.3877 1.6371 4.2995 -5.8995 0.5389 44.9505 -4.7949 1.6921
0 Car -1 -1 -6.6700 512.0792 166.6787 552.3749 183.4951 1.5624 1.6463 3.4453 -6.8941 0.2781 67.2228 -6.7699 -2.0098
1 Car -1 -1 -4.7592 479.9268 164.6380 512.0392 192.5355 1.4417 1.5570 3.7901 -5.9974 0.6221 38.5510 -4.9104 2.6670
1 Car -1 -1 -4.6788 496.9850 166.4270 525.3221 189.6635 1.4029 1.6310 4.3018 -5.9222 0.5533 44.9056 -4.8072 1.3692
1 Car -1 -1 -6.8517 1034.2964 160.4230 1178.7959 207.7137 1.7056 1.7604 4.1142 18.6440 0.9817 26.4648 -6.2420 1.2139
1 Car -1 -1 -3.5765 510.7111 167.1729 554.0043 183.6866 1.5328 1.6909 3.7353 -6.8853 0.2956 67.3050 -3.6762 -1.1965
2 Car -1 -1 -4.7620 479.0891 163.9831 512.2759 192.9239 1.4922 1.5986 3.8658 -6.0094 0.6407 38.5098 -4.9137 2.7465
2 Car -1 -1 -4.6328 495.2959 165.7522 527.2776 189.8367 1.4542 1.6605 4.3897 -5.9102 0.5638 44.9241 -4.7608 2.1453
2 Car -1 -1 -6.8832 1032.6412 159.4887 1182.2981 207.6877 1.7468 1.7735 4.3400 18.7304 0.9856 26.5345 -6.2725 1.4742
3 Car -1 -1 -4.7169 480.4786 163.7700 511.0451 192.7894 1.4970 1.5638 4.0641 -5.9823 0.6341 38.6020 -4.8675 2.9112
3 Car -1 -1 -4.6692 497.1246 166.0996 525.7657 189.8467 1.4345 1.6134 4.1792 -5.8989 0.5647 44.8621 -4.7972 2.1260
3 Car -1 -1 -6.8755 1035.5798 160.3923 1181.8879 208.3284 1.7330 1.7346 4.2154 18.7340 1.0063 26.4699 -6.2636 1.2969
4 Car -1 -1 -4.7300 481.2065 163.8999 512.9278 193.1667 1.5065 1.6207 3.9208 -5.9167 0.6522 38.4633 -4.8795 3.0693
4 Car -1 -1 -4.6535 496.5916 166.3288 526.8360 189.7646 1.4140 1.6360 4.4564 -5.8866 0.5591 44.9382 -4.7810 2.3242
4 Car -1 -1 -6.8719 1035.8694 161.3424 1182.7340 208.3826 1.6984 1.7683 4.2053 18.7465 1.0070 26.4617 -6.2596 1.5534
4 Car -1 -1 -7.7005 832.2587 119.0133 1223.0000 369.0000 1.5617 1.5676 3.8906 2.9558 1.3327 4.6358 -7.1609 -2.1292
5 Car -1 -1 -4.7014 496.8602 166.3737 524.7159 189.8922 1.4151 1.6657 4.1879 -5.9362 0.5652 44.7213 -4.8306 2.1977
5 Car -1 -1 -4.7152 481.5005 164.5533 511.9480 192.9842 1.4620 1.5530 3.8771 -5.8941 0.6421 38.3924 -4.8643 2.0669
5 Car -1 -1 -6.8805 1037.1824 156.6110 1190.9325 209.0347 1.8861 1.7996 4.4128 18.8600 1.0269 26.3799 -6.2639 1.6567
6 Car -1 -1 -4.7379 481.7809 165.7818 513.6791 194.0011 1.4491 1.6150 3.8077 -5.8683 0.6935 38.3234 -4.8867 2.5780
6 Car -1 -1 -3.7038 1033.1880 156.7052 1186.7661 209.9213 1.9055 1.8229 4.3584 18.6690 1.0537 26.3374 -3.0913 2.4695
6 Car -1 -1 -4.6703 496.3380 167.4115 526.3512 190.9811 1.4188 1.6923 4.4058 -5.8963 0.6310 44.8288 -4.7983 1.7818
7 Car -1 -1 -4.7283 482.3478 164.9103 513.8978 194.2765 1.5046 1.6046 3.9536 -5.8329 0.7060 38.3079 -4.8763 1.9629
7 Car -1 -1 -3.7227 1032.1508 156.8134 1196.8962 209.8712 1.9031 1.9497 4.7006 18.8838 1.0537 26.4176 -3.1062 1.5430
7 Car -1 -1 -4.6945 499.2542 167.7362 526.1459 192.4741 1.4888 1.6038 3.7727 -5.7804 0.7207 44.5131 -4.8209 0.9051
7 Car -1 -1 -6.9873 515.5015 167.4190 561.1913 185.4761 1.6750 1.7648 4.2139 -6.3309 0.4615 67.7078 -7.0784 -0.9738
8 Car -1 -1 -4.7618 481.7186 167.2297 513.9778 196.4251 1.4849 1.5353 3.5741 -5.7904 0.8101 37.8648 -4.9105 2.1468
8 Car -1 -1 -3.6958 1038.5884 158.4766 1199.7567 212.7969 1.9278 1.9043 4.5048 18.8917 1.1465 26.1929 -3.0752 2.1452
8 Car -1 -1 -4.6852 499.9207 169.7976 527.3564 192.3391 1.3572 1.6006 4.0451 -5.7371 0.7129 44.6614 -4.8102 1.6035
9 Car -1 -1 -4.7018 484.0137 167.0854 515.4148 196.7044 1.4867 1.5639 3.7860 -5.5691 0.8135 37.4697 -4.8463 2.1836
9 Car -1 -1 -3.7333 1041.7963 159.5879 1206.6971 213.1345 1.8986 1.9641 4.6046 19.0347 1.1574 26.1293 -3.1079 1.7923
9 Car -1 -1 -4.6452 499.4047 169.2942 529.4964 192.9485 1.4194 1.5958 4.1673 -5.6672 0.7471 44.5516 -4.7691 1.4908
10 Car -1 -1 -3.7157 1045.0154 160.8951 1209.0193 212.3928 1.8157 1.8928 4.5591 19.0383 1.1247 25.9961 -3.0878 2.4880
10 Car -1 -1 -4.7214 483.6874 166.8886 514.7964 196.3488 1.4824 1.5537 3.7403 -5.6443 0.7977 37.5463 -4.8675 2.3244
10 Car -1 -1 -7.8131 500.8367 168.9444 530.2995 193.2347 1.4527 1.6636 3.9754 -5.5721 0.7617 44.3344 -7.9355 0.9691
10 Car -1 -1 -4.2437 522.2451 169.1834 556.1577 186.9385 1.6631 1.7024 3.8527 -6.2998 0.6030 68.3344 -4.3335 -0.4866
11 Car -1 -1 -4.7131 483.9195 166.4418 515.4818 196.3090 1.4912 1.5639 3.7390 -5.5620 0.7895 37.2640 -4.8582 2.5415
11 Car -1 -1 -3.7640 1046.5795 156.7053 1210.7057 210.8976 1.9138 1.8613 4.6238 19.0527 1.0737 25.9163 -3.1343 2.3942
11 Car -1 -1 -4.6548 500.7927 168.0805 530.6138 192.1575 1.4399 1.6233 3.8890 -5.5572 0.6973 44.2777 -4.7769 1.0369
11 Car -1 -1 -4.6755 832.2631 147.9945 1223.0000 369.0000 1.6300 1.7397 4.1091 2.8599 1.5159 4.6956 -4.1558 -2.1943
12 Car -1 -1 -4.7317 484.9344 165.0226 517.1294 195.6057 1.5235 1.5932 3.8583 -5.5282 0.7527 37.2555 -4.8759 2.1192
12 Car -1 -1 -3.7101 1048.6133 155.9895 1222.5316 211.6872 1.9369 2.0129 4.7317 19.1479 1.0848 25.7488 -3.0750 1.2397
12 Car -1 -1 -7.8022 503.0708 167.8494 532.7449 192.5651 1.4703 1.6314 3.7830 -5.3870 0.7178 44.0031 -7.9213 1.0080
12 Car -1 -1 -4.0438 528.4050 168.2123 566.2806 184.6672 1.5406 1.6930 3.7281 -5.5101 0.3900 68.2171 -4.1222 0.7854
12 Car -1 -1 -7.8089 943.0451 103.5654 1223.0000 369.0000 1.5027 1.6765 4.1813 3.4882 1.2594 4.3898 -7.1697 -1.7528
13 Car -1 -1 -4.7398 486.3065 165.3579 518.7684 195.8114 1.5012 1.5724 3.8886 -5.4054 0.7549 36.9021 -4.8821 1.9641
13 Car -1 -1 -3.7224 1060.6951 160.2926 1223.0000 213.1025 1.8201 1.8976 4.4637 19.2431 1.1239 25.4538 -3.0795 1.4558
13 Car -1 -1 -4.6642 504.1039 167.9401 533.8867 192.1724 1.4384 1.6407 4.0294 -5.3204 0.6929 44.0356 -4.7817 1.2179
13 Car -1 -1 -4.3976 531.5745 168.8783 560.3627 184.8822 1.5040 1.6826 3.7911 -5.6600 0.4117 68.4851 -4.4779 -0.8039
14 Car -1 -1 -4.7280 489.0829 165.5469 520.2673 196.1096 1.4982 1.5191 3.5577 -5.2254 0.7654 36.5350 -4.8669 2.8855
14 Car -1 -1 -4.6649 506.2483 167.1278 535.3347 192.4163 1.4950 1.5967 3.9371 -5.1847 0.7045 43.8161 -4.7800 1.8660
14 Car -1 -1 -4.2258 535.9420 168.7079 569.9346 184.6616 1.4990 1.6771 3.8482 -4.9878 0.3909 68.5328 -4.2963 0.6238
14 Car -1 -1 -3.7416 1068.1085 162.3852 1223.0000 213.4537 1.7526 1.8857 4.1536 19.2532 1.1312 25.3027 -3.0956 -0.0650
14 Car -1 -1 -4.2295 846.2057 108.6956 1223.0000 369.0000 1.5878 1.6716 3.8925 3.6227 1.2738 4.7123 -3.6038 -1.5814
15 Car -1 -1 -4.7619 489.5542 163.4497 524.8709 196.0998 1.5797 1.6085 3.7545 -5.0668 0.7549 36.2013 -4.8978 2.2606
15 Car -1 -1 -3.7139 1078.2146 159.0866 1223.0000 214.5110 1.8842 1.8268 3.8015 19.2982 1.1565 25.0962 -3.0629 1.5223
15 Car -1 -1 -4.3626 537.8859 168.4649 569.0432 184.5318 1.5133 1.7811 3.9172 -4.9486 0.3796 68.7243 -4.4324 0.7115
15 Car -1 -1 -4.6704 507.5817 166.7836 538.0765 192.4139 1.5073 1.6920 4.1211 -5.0407 0.7008 43.6971 -4.7826 -0.1799
15 Car -1 -1 -4.7361 1128.0531 171.4963 1213.8812 234.0099 1.4994 1.6539 4.0341 15.1014 1.2837 19.0703 -4.0729 -2.0554
16 Car -1 -1 -4.7618 492.4196 165.6372 527.1380 196.2443 1.4676 1.5675 3.6266 -4.8835 0.7551 35.8277 -4.8942 2.4116
16 Car -1 -1 -7.8108 511.5963 167.0943 540.4984 192.8158 1.5018 1.5909 3.6200 -4.7879 0.7192 43.1396 -7.9187 0.9332
16 Car -1 -1 -7.4205 543.1315 168.5582 573.5427 184.2248 1.4743 1.6523 3.4136 -4.4639 0.3504 68.4252 -7.4836 0.6661
16 Car -1 -1 -8.0101 1137.5823 155.5099 1223.0000 212.6406 1.8831 1.7536 4.0636 20.5935 1.0597 25.5047 -7.3353 -0.2562
17 Car -1 -1 -4.7322 497.2382 165.4914 530.4672 196.7339 1.4835 1.5707 3.4805 -4.6147 0.7710 35.4087 -4.8587 2.6662
17 Car -1 -1 -4.6458 513.9660 166.2744 545.2192 192.0066 1.4936 1.6112 4.2267 -4.5666 0.6680 43.1812 -4.7485 1.9211
17 Car -1 -1 -7.8899 1157.0768 155.0684 1223.0000 212.0540 1.8691 1.6770 4.4477 20.9642 1.0352 25.4701 -7.2058 0.0660
17 Car -1 -1 -4.3561 548.8077 168.8837 577.0587 184.3406 1.4582 1.6150 3.4954 -4.0292 0.3622 68.6125 -4.4127 0.0363
18 Car -1 -1 -4.7624 498.6219 166.1074 533.4871 196.6169 1.4312 1.5402 3.5360 -4.4670 0.7562 35.0417 -4.8862 2.8337
18 Car -1 -1 -4.6556 516.0596 166.2586 547.8941 192.0347 1.4869 1.6828 4.0589 -4.3880 0.6655 42.8488 -4.7550 2.2520
18 Car -1 -1 -7.6460 552.6602 168.5088 576.2421 184.1554 1.4791 1.5860 3.5431 -3.8887 0.3454 68.7094 -7.7005 -0.5250
18 Car -1 -1 -5.0694 1154.0820 153.9910 1223.0000 207.6092 1.6903 1.7216 3.7611 20.6602 0.8549 24.3501 -4.3706 -1.7918
19 Car -1 -1 -4.7650 501.3665 164.3997 538.4297 196.7707 1.4977 1.6153 3.5878 -4.2291 0.7530 34.6177 -4.8836 2.6559
19 Car -1 -1 -4.6638 520.3848 166.8424 551.2958 192.1485 1.4461 1.6430 4.1068 -4.1202 0.6657 42.4919 -4.7579 1.7684
19 Car -1 -1 -3.7118 1101.5571 165.3693 1223.0000 214.3440 1.5917 1.6813 4.1364 19.5586 1.1002 24.0379 -3.0337 0.7517
19 Car -1 -1 -4.5362 556.7416 168.5170 581.3844 184.7093 1.5321 1.7292 3.9524 -3.4484 0.3981 68.9693 -4.5841 -0.8750
20 Car -1 -1 -4.7067 506.7865 164.5675 541.0959 196.1910 1.4451 1.5619 3.5707 -3.9226 0.7172 34.1686 -4.8181 2.6518
20 Car -1 -1 -7.8157 525.3020 166.0481 554.6940 191.8928 1.4625 1.5831 3.8974 -3.8299 0.6448 41.9975 -7.9041 0.5864
20 Car -1 -1 -7.0126 1116.5575 167.0159 1223.0000 213.4180 1.4974 1.6559 3.8056 19.6088 1.0625 23.7264 -6.3269 0.5567
20 Car -1 -1 -7.6833 561.9203 166.7417 585.2492 183.0553 1.5429 1.6705 3.6272 -3.0034 0.2415 68.7780 -7.7249 -0.9733
21 Car -1 -1 -4.7465 508.8102 162.1928 545.7214 195.5267 1.4972 1.6230 3.7095 -3.7717 0.6751 33.7077 -4.8550 2.8707
21 Car -1 -1 -4.6377 524.6603 165.5181 559.3203 191.0545 1.4340 1.7172 4.3333 -3.6892 0.5928 41.8807 -4.7231 1.9728
21 Car -1 -1 -6.8815 1125.8656 154.3912 1223.0000 212.8678 1.8312 1.8308 4.1752 19.9212 1.0139 23.2699 -6.1786 0.6660
21 Car -1 -1 -7.7395 566.9657 165.8698 588.6418 182.4594 1.5729 1.6931 3.7265 -2.6002 0.1856 68.9597 -7.7752 0.2377
22 Car -1 -1 -4.7052 512.0812 161.1434 548.5516 194.9751 1.4971 1.6092 3.5509 -3.5038 0.6408 33.1327 -4.8076 2.3405
22 Car -1 -1 -4.6897 529.2020 163.4414 560.7174 190.0668 1.4754 1.7304 4.6646 -3.4869 0.5303 41.5601 -4.7709 1.6452
22 Car -1 -1 -7.8022 571.9720 164.7263 591.3331 180.7783 1.5267 1.6832 4.0481 -2.2352 0.0263 69.2868 -7.8324 1.2854
22 Car -1 -1 -3.8559 1132.5612 156.7331 1223.0000 213.4340 1.7811 1.8034 4.3663 20.0713 1.0348 23.1219 -3.1462 0.1967
22 Car -1 -1 -7.6481 248.7661 162.4134 295.7409 190.5835 1.4641 1.6000 3.6438 -18.1638 0.5242 38.7033 -8.0818 -1.4534
23 Car -1 -1 -4.6990 514.6100 160.6752 551.4996 195.1363 1.5036 1.6052 3.6466 -3.3233 0.6388 32.7346 -4.7972 2.7175
23 Car -1 -1 -4.6868 532.8784 163.8872 563.9607 189.4855 1.4017 1.6728 4.5190 -3.2431 0.4922 41.0158 -4.7632 1.3748
23 Car -1 -1 -3.7799 1148.1033 157.9070 1223.0000 217.2029 1.8039 1.7647 4.2273 20.1462 1.1169 22.5691 -3.0566 1.0634
23 Car -1 -1 -7.8760 575.7136 165.2679 593.4622 180.9471 1.4905 1.6527 4.0329 -1.9993 0.0424 69.2700 -7.9028 0.9437
24 Car -1 -1 -4.7056 519.9495 162.2076 557.1613 196.7035 1.4756 1.5886 3.6657 -3.0263 0.6933 32.1383 -4.7966 2.9353
24 Car -1 -1 -4.6452 535.9497 165.2037 570.5834 191.5293 1.4301 1.6889 4.2742 -2.9265 0.5993 40.5478 -4.7148 1.5473
24 Car -1 -1 -7.7840 579.8665 165.0571 599.8099 181.8230 1.5964 1.6747 4.0048 -1.4345 0.1258 69.3667 -7.8027 1.0034
24 Car -1 -1 -7.0500 1158.5481 156.4045 1223.0000 217.1626 1.8453 1.8179 4.5154 20.4862 1.1138 22.4564 -6.3159 0.6550
25 Car -1 -1 -4.6750 541.4044 164.7960 573.5428 191.5952 1.4356 1.6463 4.3928 -2.6571 0.5945 40.0919 -4.7387 2.5523
25 Car -1 -1 -4.7061 522.5404 161.8743 561.1107 197.2607 1.4887 1.6200 4.0043 -2.8482 0.7053 31.8067 -4.7926 2.4764
25 Car -1 -1 -3.9549 1171.6434 156.3154 1223.0000 215.0163 1.7550 1.7689 4.2833 20.5201 1.0322 22.1757 -3.2139 0.6044
25 Car -1 -1 -7.9257 582.4697 165.1697 602.3522 182.1481 1.6173 1.6748 3.9431 -1.2366 0.1568 69.3863 -7.9416 -0.0837
26 Car -1 -1 -4.6745 544.4557 164.2803 576.6014 191.2935 1.4274 1.6248 4.2227 -2.4489 0.5705 39.4902 -4.7340 2.7095
26 Car -1 -1 -4.7347 526.5293 161.3365 564.7390 196.6154 1.4575 1.5781 3.6882 -2.6778 0.6660 31.1280 -4.8177 2.5671
26 Car -1 -1 -7.9948 583.2900 163.5961 607.1262 181.7267 1.7275 1.7431 4.4585 -0.9744 0.1167 69.7034 -8.0069 1.1435
26 Car -1 -1 -4.2459 1186.0138 165.3943 1223.0000 219.1018 1.5740 1.7562 4.1145 20.5756 1.1316 22.2744 -3.5057 -0.1526
27 Car -1 -1 -4.7237 528.3888 161.9644 567.1290 196.9638 1.4197 1.5705 3.6503 -2.5184 0.6681 30.5692 -4.8031 2.5535
27 Car -1 -1 -4.6910 546.3552 163.5609 578.2964 191.1915 1.4371 1.6566 4.2056 -2.3141 0.5562 38.9044 -4.7480 2.2211
27 Car -1 -1 -8.0073 585.6478 164.6221 608.7083 180.5662 1.5178 1.6652 4.0686 -0.7733 0.0062 69.4478 -8.0165 1.3477
27 Car -1 -1 -6.7967 1201.4536 167.7955 1223.0000 220.5353 1.4882 1.5821 3.7234 20.4719 1.1300 21.1768 -6.0342 -1.7781
28 Car -1 -1 -4.7027 528.6829 161.7419 569.3459 198.6403 1.4667 1.6147 3.6742 -2.3787 0.7213 29.9922 -4.7790 2.8853
28 Car -1 -1 -4.6560 547.0881 164.4530 582.1475 191.6000 1.3932 1.6491 4.4545 -2.1593 0.5698 38.5156 -4.7096 2.2565
28 Car -1 -1 -8.0508 585.2349 164.2356 610.2223 181.3731 1.6308 1.6806 4.1364 -0.7217 0.0829 69.4789 -8.0593 1.2472
29 Car -1 -1 -4.7043 528.2836 161.4273 568.7693 200.0113 1.5055 1.5780 3.6909 -2.3624 0.7615 29.4829 -4.7814 3.0861
29 Car -1 -1 -4.6449 544.3404 165.4041 581.4247 193.3447 1.4135 1.6959 4.1819 -2.2167 0.6499 37.8688 -4.7009 2.3722
29 Car -1 -1 -8.1344 581.6025 164.9534 609.5104 181.9843 1.6223 1.6720 4.1216 -0.9377 0.1413 69.5670 -8.1460 -0.7291
30 Car -1 -1 -4.6905 524.3093 165.0816 565.7836 203.7875 1.4785 1.5820 3.5445 -2.4274 0.8898 28.8243 -4.7717 3.4826
30 Car -1 -1 -4.6639 543.3550 166.8718 579.0215 195.5151 1.4237 1.6651 4.2177 -2.2718 0.7465 37.2610 -4.7224 2.1595
30 Car -1 -1 -4.9786 579.8984 168.0840 607.0045 184.9108 1.6016 1.6883 3.9295 -1.1401 0.4197 69.4180 -4.9932 0.3818
31 Car -1 -1 -4.6765 518.2961 165.3830 561.2664 205.0012 1.4757 1.5666 3.7119 -2.5745 0.9129 28.2303 -4.7645 3.7426
31 Car -1 -1 -4.6445 538.2864 167.8945 575.7056 197.9212 1.4717 1.6565 4.0779 -2.4546 0.8540 36.6961 -4.7089 2.9066
31 Car -1 -1 -4.8731 577.0967 168.8946 599.9611 185.8063 1.6072 1.6536 3.7923 -1.6148 0.5041 69.2079 -4.8946 -0.3517
32 Car -1 -1 -4.7026 512.1349 165.5166 554.8126 205.7812 1.4653 1.5496 3.6661 -2.8004 0.9203 27.6251 -4.8005 3.8892
32 Car -1 -1 -4.6456 530.8577 167.9383 569.9482 198.0384 1.4474 1.7053 4.1801 -2.7471 0.8435 36.0950 -4.7191 2.1790
32 Car -1 -1 -5.1026 564.9351 169.6917 594.7983 186.5008 1.5959 1.6471 3.6723 -2.4609 0.5696 69.1436 -5.1363 0.1633
33 Car -1 -1 -4.7106 503.2727 164.2517 546.8922 205.4886 1.4640 1.5442 3.6755 -3.0748 0.8874 27.0127 -4.8207 3.4903
33 Car -1 -1 -4.6491 523.0234 166.2546 561.4597 196.6946 1.4381 1.6548 4.1123 -3.1113 0.7653 35.4774 -4.7339 3.0983
33 Car -1 -1 -5.2075 553.1978 168.7394 587.5577 184.6504 1.5134 1.6902 3.9620 -3.4029 0.3946 69.3862 -5.2545 0.2149
34 Car -1 -1 -4.7057 492.9668 163.4418 539.0564 205.9100 1.4651 1.5838 3.6349 -3.3210 0.8769 26.2896 -4.8279 3.1062
34 Car -1 -1 -4.6430 512.3183 166.6974 552.7549 196.3764 1.3745 1.6833 4.2579 -3.5344 0.7355 34.8978 -4.7411 2.5246
34 Car -1 -1 -6.4541 1152.2001 206.9109 1223.0000 369.0000 1.5355 1.6911 4.0131 5.3616 1.7450 3.5918 -5.5126 0.2340
34 Car -1 -1 -5.1236 546.6247 167.6588 577.8844 184.1738 1.5658 1.6925 3.7524 -4.1805 0.3482 69.0911 -5.1819 -0.0681
35 Car -1 -1 -4.6670 480.5478 163.5366 528.8153 207.1538 1.4633 1.5555 3.5756 -3.5964 0.8945 25.5711 -4.8031 3.0686
35 Car -1 -1 -4.6594 500.8462 165.5253 541.9932 196.9816 1.4276 1.7418 4.3778 -4.0127 0.7482 34.3259 -4.7728 2.5924
35 Car -1 -1 -2.0681 530.5239 165.7310 566.8457 183.9344 1.7253 1.7299 4.2537 -5.5255 0.3254 69.2671 -2.1456 -0.6641
36 Car -1 -1 -4.6936 466.6891 163.2158 514.7441 209.4206 1.5007 1.5486 3.5758 -4.0046 0.9396 24.8422 -4.8495 3.8735
36 Car -1 -1 -4.6603 488.1161 167.0026 529.1972 199.4237 1.4400 1.7056 4.1282 -4.5282 0.8407 33.5296 -4.7914 1.8870
36 Car -1 -1 -4.2247 1183.5853 173.7004 1223.0000 228.9612 1.4906 1.6887 4.1161 19.0930 1.3075 20.5554 -3.4824 -0.9637
36 Car -1 -1 -5.3599 514.9803 168.1283 553.3505 185.5460 1.6448 1.6911 3.9254 -6.8899 0.4764 68.7834 -5.4575 -1.5658
37 Car -1 -1 -4.6973 451.6432 164.8494 501.1155 211.7107 1.4744 1.5405 3.6447 -4.3916 0.9823 24.1684 -4.8728 3.2403
37 Car -1 -1 -4.6339 471.9554 167.6023 516.9343 200.3005 1.4203 1.7248 4.2680 -5.0971 0.8603 32.9034 -4.7843 2.2727
37 Car -1 -1 -7.0444 1179.3013 173.5327 1223.0000 226.0890 1.4260 1.6013 3.8281 18.7707 1.2373 20.0124 -6.2974 0.9153
37 Car -1 -1 -5.3588 499.5122 169.2706 539.3150 186.7358 1.6468 1.6707 4.1695 -8.3234 0.5878 68.7492 -5.4770 0.5948
38 Car -1 -1 -4.7021 433.7665 163.4341 486.6308 212.8039 1.4954 1.5800 3.5526 -4.7779 0.9787 23.3082 -4.8996 3.7351
38 Car -1 -1 -4.6524 457.5890 166.3708 500.9120 200.0396 1.4296 1.6847 4.0474 -5.6721 0.8298 32.1255 -4.8236 3.5151
38 Car -1 -1 -3.8888 1165.0292 164.1277 1223.0000 223.3904 1.6089 1.6508 4.1458 18.5525 1.1648 20.0348 -3.1481 -0.0868
38 Car -1 -1 -5.2108 489.6567 168.9532 523.9216 185.0670 1.5108 1.6608 3.8158 -9.4910 0.4280 68.3193 -5.3464 -1.3657
39 Car -1 -1 -4.7070 414.9584 161.1688 469.8352 212.6677 1.4955 1.5663 3.5736 -5.1751 0.9345 22.4461 -4.9285 4.7822
39 Car -1 -1 -4.6316 438.7008 163.1996 486.2185 197.8386 1.4340 1.7241 4.1685 -6.2890 0.7180 31.4388 -4.8251 3.6753
39 Car -1 -1 -3.9150 1148.3254 157.9501 1223.0000 222.0849 1.7252 1.8254 4.4202 18.2247 1.1189 20.0221 -3.1829 1.1003
39 Car -1 -1 -2.4092 462.2752 164.5622 506.9439 183.1177 1.7322 1.7392 4.1228 -11.5406 0.2442 67.8458 -2.5751 -1.4196
40 Car -1 -1 -4.6960 394.3914 158.8545 452.7370 212.9189 1.5020 1.5853 3.6581 -5.5331 0.9010 21.6041 -4.9412 3.9708
40 Car -1 -1 -4.6230 419.4294 161.4918 468.8797 197.2225 1.4394 1.7057 4.2013 -6.9267 0.6739 30.6762 -4.8408 2.5515
40 Car -1 -1 -3.9002 1135.4271 154.4954 1223.0000 223.5997 1.8510 1.8583 4.4929 17.8411 1.1548 19.9464 -3.1768 1.2928
40 Car -1 -1 -1.9384 459.3439 164.7580 490.0809 181.4598 1.5498 1.6166 3.8675 -12.4750 0.0889 67.6803 -2.1179 -1.7453
41 Car -1 -1 -4.7039 372.1428 160.2342 433.9003 217.1338 1.5114 1.5955 3.6036 -5.9254 0.9734 20.7283 -4.9763 4.0921
41 Car -1 -1 -4.6259 399.7279 164.1265 449.5787 199.6929 1.3909 1.6650 4.1798 -7.5609 0.7508 29.8442 -4.8695 2.3392
41 Car -1 -1 -3.9423 1119.4609 157.1838 1223.0000 226.6911 1.8591 1.8331 4.7052 17.4765 1.2358 20.0355 -3.2313 1.7602
41 Car -1 -1 -5.4136 429.2011 164.9406 471.4904 183.9361 1.7451 1.7384 4.0038 -14.6200 0.3156 66.8681 -5.6261 0.2407
42 Car -1 -1 -4.7252 347.8062 162.0015 412.2703 221.4514 1.5002 1.5720 3.4130 -6.3153 1.0337 19.7081 -5.0287 4.2201
42 Car -1 -1 -4.6262 375.4219 165.3504 427.0518 202.5838 1.4132 1.6677 4.1118 -8.3082 0.8384 29.0111 -4.9003 3.7019
42 Car -1 -1 -3.9313 1099.1295 157.7647 1223.0000 228.7851 1.9051 1.8330 4.5941 16.8677 1.2956 20.1029 -3.2394 2.8736
42 Car -1 -1 -1.9718 415.8431 168.0018 448.1709 185.1303 1.5667 1.6672 3.6633 -16.3048 0.4234 66.6384 -2.2089 -0.2147
43 Car -1 -1 -4.7559 318.4384 164.1848 388.8192 227.8110 1.5161 1.6105 3.6952 -6.8144 1.1277 18.8623 -5.0953 4.2489
43 Car -1 -1 -4.6182 348.1920 167.5828 401.6626 205.6351 1.4017 1.6281 4.1162 -9.1311 0.9261 28.2290 -4.9258 2.9124
43 Car -1 -1 -3.9433 1075.4943 159.7353 1223.0000 230.0837 1.8923 1.8571 4.5938 16.2420 1.3340 20.2404 -3.2732 2.6951
44 Car -1 -1 -4.7822 282.5786 164.8055 361.1931 232.0578 1.5054 1.5921 3.7482 -7.2681 1.1545 17.8611 -5.1605 3.7806
44 Car -1 -1 -3.9124 1048.4470 161.6508 1223.0000 233.3876 1.9412 1.8690 4.5508 15.4999 1.4315 20.3453 -3.2673 3.4946
44 Car -1 -1 -4.6098 315.3480 167.4187 372.8306 207.8354 1.4323 1.6448 4.0667 -9.9884 0.9689 27.2275 -4.9557 2.7571
45 Car -1 -1 -3.9309 1021.4423 163.8110 1215.9897 236.3463 1.9682 1.8748 4.6146 14.7837 1.5157 20.5007 -3.3120 4.7440
45 Car -1 -1 -4.7904 244.1320 165.6593 329.3333 238.3998 1.5265 1.5792 3.5827 -7.6722 1.2154 16.7887 -5.2100 4.0004
45 Car -1 -1 -4.6158 277.6642 168.1576 338.8623 210.2886 1.4269 1.6588 4.2964 -10.9449 1.0092 26.2428 -5.0047 2.7788
46 Car -1 -1 -4.8054 198.2183 167.7902 295.6576 245.4800 1.5115 1.6134 3.6480 -8.0877 1.2646 15.7305 -5.2702 4.3224
46 Car -1 -1 -3.9383 990.1926 163.7928 1175.1411 234.8599 1.9397 1.8429 4.5489 13.8749 1.4840 20.6760 -3.3528 4.1818
46 Car -1 -1 -4.6249 236.8107 169.3669 300.0299 213.9549 1.4488 1.6556 4.0266 -11.9064 1.0873 25.1486 -5.0603 2.4450
47 Car -1 -1 -4.8282 145.8531 169.0363 254.0684 253.5815 1.5220 1.5538 3.5965 -8.5077 1.3160 14.6388 -5.3434 4.6370
47 Car -1 -1 -3.9423 955.4034 166.2930 1137.1350 236.7800 1.9344 1.8636 4.6415 12.9534 1.5449 20.8828 -3.3924 3.9760
47 Car -1 -1 -4.6123 187.3412 171.0148 258.8452 217.4758 1.4251 1.6716 4.3882 -12.8971 1.1345 24.0349 -5.0974 1.7642
48 Car -1 -1 -4.8469 86.3912 172.4612 210.7140 262.9077 1.4881 1.5462 3.5868 -8.8399 1.3562 13.5016 -5.4140 5.4379
48 Car -1 -1 -3.9410 918.9243 165.0379 1097.7729 236.1304 1.9592 1.8878 4.7177 11.9477 1.5334 21.0610 -3.4300 3.5560
48 Car -1 -1 -4.6010 132.4787 172.3779 211.1884 221.8136 1.4385 1.6710 4.2174 -13.9011 1.2024 22.8391 -5.1398 1.1072
49 Car -1 -1 -4.8603 14.6181 171.9784 161.2808 272.7104 1.5017 1.5683 3.7622 -9.2255 1.3751 12.4356 -5.4845 5.0413
49 Car -1 -1 -3.9520 884.7094 163.6470 1053.2938 234.6236 1.9624 1.8912 4.5519 10.8627 1.4967 21.2021 -3.4831 4.2867
49 Car -1 -1 -4.5821 69.6069 171.9938 156.4267 226.2482 1.4840 1.6267 3.9395 -14.8421 1.2516 21.4648 -5.1783 1.0160
50 Car -1 -1 -3.9547 846.3466 160.8797 1014.0104 232.7006 1.9877 1.8318 4.7629 9.7722 1.4450 21.3154 -3.5289 3.9854
50 Car -1 -1 -4.8913 0.0000 171.7007 109.1545 283.9401 1.5004 1.6112 3.9449 -9.5610 1.3832 11.3460 -5.5759 2.1079
50 Car -1 -1 -4.5477 0.0000 172.1782 98.0609 227.1019 1.4005 1.6019 4.1144 -15.8430 1.1886 20.2211 -5.2028 1.5601
51 Car -1 -1 -3.9616 810.2908 159.1536 969.4872 230.3798 1.9665 1.8356 4.5758 8.5733 1.3774 21.3282 -3.5830 5.2247
51 Car -1 -1 -4.9234 0.0000 176.4036 49.6110 297.7603 1.4433 1.5965 3.9573 -9.7595 1.3950 10.2012 -5.6692 1.4457
51 Car -1 -1 -4.6116 0.0000 169.1548 29.5195 227.6350 1.4227 1.5904 4.1231 -16.9996 1.1470 19.3460 -5.3225 0.3095
52 Car -1 -1 -3.9755 774.1612 157.6701 932.6044 229.0455 1.9587 1.8597 4.6756 7.4931 1.3325 21.3388 -3.6408 4.8624
53 Car -1 -1 -3.9689 738.7459 156.8296 894.3046 227.4759 1.9248 1.8094 4.6529 6.3611 1.2802 21.2337 -3.6803 5.6687
54 Car -1 -1 -3.9719 701.8849 156.0109 856.2611 227.2604 1.9190 1.8628 4.5963 5.2115 1.2597 21.0959 -3.7315 4.9984
55 Car -1 -1 -3.9742 665.4792 158.1696 819.6812 228.8336 1.8812 1.8314 4.6514 4.1096 1.2870 20.9459 -3.7816 5.3812
55 Car -1 -1 -4.4584 1162.0924 169.2813 1214.3712 195.0450 1.6764 1.7421 4.1987 39.5673 0.9465 47.9465 -3.7701 0.5773
56 Car -1 -1 -3.9676 627.0824 158.4006 780.9937 231.8896 1.9194 1.8206 4.5813 2.9316 1.3425 20.6210 -3.8268 5.0331
56 Car -1 -1 -4.3726 1100.5044 172.0595 1156.6431 196.5202 1.6218 1.7834 4.3203 36.1758 1.0623 48.8293 -3.7365 1.1033
57 Car -1 -1 -3.9734 588.1181 158.5526 747.7378 234.6137 1.9412 1.8431 4.7560 1.8750 1.3814 20.3286 -3.8811 5.1019
57 Car -1 -1 -4.3544 1048.1173 175.8189 1098.1219 199.1864 1.5760 1.6266 3.9999 32.8036 1.2603 49.5195 -3.7707 1.0274
58 Car -1 -1 -3.9679 547.9612 162.1809 706.8493 237.7795 1.8842 1.7822 4.6503 0.7068 1.4279 19.9007 -3.9313 5.0143
58 Car -1 -1 -4.3364 994.2166 179.2702 1045.1715 202.3369 1.5672 1.6967 4.1780 29.3458 1.4837 49.9957 -3.8069 0.5158
59 Car -1 -1 -3.9711 502.9233 163.1310 668.5375 241.8833 1.9014 1.8250 4.7321 -0.4320 1.4823 19.4501 -3.9913 5.4853
59 Car -1 -1 -4.3706 943.5551 179.0305 991.8574 205.5439 1.8200 1.7359 4.3176 26.0111 1.7191 50.6466 -3.8972 2.0814
59 Car -1 -1 -7.8214 1198.2225 189.4671 1223.0000 233.8181 1.4617 1.6531 3.9588 23.1038 1.8187 26.1247 -7.1019 1.2116
60 Car -1 -1 -3.9604 457.4497 162.3395 627.8651 243.8180 1.9028 1.8222 4.6740 -1.5555 1.4790 18.9076 -4.0394 5.5424
60 Car -1 -1 -7.9732 1163.2540 195.6122 1223.0000 301.1466 1.4312 1.6002 3.7772 10.7664 1.7349 12.1784 -7.2608 3.8256
60 Car -1 -1 -4.4097 895.5881 179.1252 941.6811 204.9330 1.7740 1.7892 4.4515 22.5999 1.6796 50.8659 -3.9925 1.7551
60 Car -1 -1 -4.6987 1146.2124 187.7262 1207.1072 232.0920 1.5157 1.6963 3.7756 21.6353 1.8102 26.8015 -4.0239 1.1917
60 Car -1 -1 -8.0154 1170.3622 185.7232 1223.0000 259.7720 1.4601 1.7403 4.1244 14.5476 1.5983 16.4643 -7.2999 0.2886
61 Car -1 -1 -3.9559 409.3796 159.1587 585.9858 245.2547 1.9292 1.7906 4.6409 -2.6400 1.4514 18.2542 -4.0953 5.3786
61 Car -1 -1 -7.9811 1117.1674 191.7123 1223.0000 293.1764 1.4283 1.5767 3.5999 10.0381 1.6551 12.3310 -7.3090 4.4786
61 Car -1 -1 -4.3577 848.1064 176.0125 894.5606 201.7367 1.7614 1.7498 4.2371 19.0895 1.4541 50.5857 -3.9974 1.8937
61 Car -1 -1 -7.9025 1090.8927 182.5278 1149.8954 225.2641 1.5296 1.6526 3.5457 19.8825 1.6140 27.4268 -7.2792 1.8793
61 Car -1 -1 -7.9981 1118.5148 184.8652 1223.0000 256.1814 1.4785 1.6878 4.0477 13.6783 1.5978 17.0986 -7.3309 1.2108
62 Car -1 -1 -3.9479 355.3719 158.0049 542.8777 248.1852 1.9248 1.7877 4.6620 -3.7103 1.4450 17.5404 -4.1510 5.8043
62 Car -1 -1 -7.9876 1073.4846 191.2281 1223.0000 290.3632 1.4035 1.5461 3.6706 9.2986 1.6224 12.4205 -7.3557 4.8440
62 Car -1 -1 -7.8242 1042.3113 182.2147 1094.0328 222.1723 1.4623 1.6202 3.6804 18.3636 1.5352 28.0173 -7.2477 2.2317
62 Car -1 -1 -7.9987 1070.3881 183.8404 1191.1652 255.1921 1.5016 1.7077 4.3582 12.7166 1.5952 17.4248 -7.3754 1.5468
62 Car -1 -1 -4.3985 803.0712 174.7873 847.4609 201.6128 1.8256 1.7423 4.4266 15.7512 1.4368 50.4272 -4.0960 1.4544
62 Car -1 -1 -4.8106 1042.6444 181.3443 1100.3221 221.1614 1.6413 1.7191 4.1236 20.6446 1.6817 31.4647 -4.2331 -0.7950
62 Car -1 -1 -4.7336 1085.4082 172.9111 1115.4342 195.9709 1.5572 1.6411 3.6141 34.7859 1.0448 49.7049 -4.1244 -1.6645
63 Car -1 -1 -3.9503 297.7881 156.4306 496.9879 252.1502 1.9364 1.7757 4.6622 -4.7393 1.4498 16.7773 -4.2189 6.2073
63 Car -1 -1 -8.0074 1032.2744 192.4906 1188.1399 293.5307 1.4198 1.5915 3.7165 8.6138 1.6653 12.4348 -7.4121 5.1433
63 Car -1 -1 -7.8648 998.5276 182.4740 1048.9857 223.2724 1.5185 1.6520 3.5789 16.7834 1.6037 28.4697 -7.3355 3.1626
63 Car -1 -1 -4.3711 756.4381 175.5892 801.8375 202.5170 1.8140 1.7474 4.3848 12.3437 1.4833 49.9427 -4.1288 2.3841
63 Car -1 -1 -8.0109 1025.3512 185.5829 1143.2717 256.1271 1.4947 1.7375 4.0840 11.6491 1.6369 17.5187 -7.4310 2.1278
63 Car -1 -1 -3.1949 1036.8093 169.8670 1106.5900 193.2700 1.5782 1.6831 3.9782 32.5280 0.8612 49.4099 -2.6141 -1.6120
64 Car -1 -1 -3.9298 235.4539 155.4437 452.0290 256.9363 1.9348 1.8267 4.6153 -5.6815 1.4575 15.9545 -4.2639 5.7980
64 Car -1 -1 -8.0304 992.8546 193.4089 1149.5466 294.8171 1.4141 1.5720 3.7397 7.9049 1.6779 12.4033 -7.4731 5.3096
64 Car -1 -1 -7.8292 954.5063 182.4655 1002.4359 223.3038 1.5392 1.6318 3.5501 15.2048 1.6248 28.7837 -7.3463 3.3283
64 Car -1 -1 -8.0084 983.8121 186.2881 1098.1172 258.1099 1.4981 1.6728 4.4434 10.5588 1.6611 17.5036 -7.4722 2.9150
64 Car -1 -1 -4.3602 713.1255 175.3191 758.3625 203.5942 1.8763 1.7174 4.2992 9.1430 1.5325 49.2047 -4.1761 2.8567
65 Car -1 -1 -8.0321 957.9150 194.5261 1113.8514 297.1414 1.4129 1.5951 3.6906 7.2192 1.6968 12.2892 -7.5108 5.8518
65 Car -1 -1 -3.9231 161.9407 153.4712 403.6162 261.4347 1.9189 1.8610 4.7088 -6.6129 1.4389 15.0983 -4.3265 5.5312
65 Car -1 -1 -7.8495 914.7541 182.7457 960.4047 222.8888 1.5274 1.6032 3.4166 13.6017 1.6257 28.9994 -7.4137 3.7113
65 Car -1 -1 -4.3669 670.0638 174.6518 716.1611 203.5140 1.8736 1.7412 4.3713 6.0602 1.4940 48.2400 -4.2412 3.1374
65 Car -1 -1 -8.0174 946.1915 186.4148 1060.6490 258.9218 1.5217 1.7161 4.3944 9.6735 1.6888 17.5798 -7.5205 3.0328
65 Car -1 -1 -7.9585 900.9118 183.2898 937.2294 209.1587 1.5227 1.6685 3.8288 19.5480 1.7052 44.1440 -7.5428 -1.5570
66 Car -1 -1 -3.9021 83.2957 151.5679 352.8349 269.7678 1.9400 1.8644 4.6794 -7.4122 1.4655 14.1209 -4.3744 6.3204
66 Car -1 -1 -8.0547 923.0917 193.4684 1080.8627 295.5512 1.3885 1.5608 3.6912 6.5297 1.6475 12.1128 -7.5696 5.9205
66 Car -1 -1 -8.0227 909.0120 184.6528 1018.0363 255.5586 1.5103 1.6647 4.2510 8.7073 1.6273 17.6001 -7.5689 3.5299
66 Car -1 -1 -4.3413 628.7734 174.0050 674.8682 202.2033 1.7927 1.6721 4.1590 3.1711 1.3798 47.1872 -4.2730 3.2104
66 Car -1 -1 -7.8213 875.6863 181.9099 920.4709 221.3925 1.5145 1.6038 3.5599 12.1233 1.5769 29.2132 -7.4303 3.1373
66 Car -1 -1 -7.9025 875.1942 180.4541 917.9401 215.1348 1.5607 1.6953 3.7000 13.8747 1.5588 33.8451 -7.5153 0.8423
66 Car -1 -1 -7.8838 871.0527 182.4859 905.0118 210.8372 1.4910 1.6366 3.6861 15.7403 1.6076 39.4754 -7.5057 0.4826
66 Car -1 -1 -7.8766 866.7045 181.7875 896.7019 206.4207 1.4676 1.6567 3.8103 17.3300 1.5523 44.4131 -7.5055 -0.5686
67 Car -1 -1 -8.0654 895.2355 190.7099 1055.6216 293.9430 1.3871 1.5548 3.6664 5.9390 1.5871 11.8559 -7.6101 5.5416
67 Car -1 -1 -3.8821 0.0000 149.8881 301.2084 281.1129 1.9718 1.8528 4.7280 -8.1199 1.5122 13.1545 -4.4226 5.4877
67 Car -1 -1 -8.0386 877.3799 181.1694 989.0362 252.3156 1.5194 1.6662 4.3125 7.8694 1.5384 17.4331 -7.6199 3.8214
67 Car -1 -1 -7.8237 843.7630 178.0873 887.7053 216.8784 1.4953 1.6047 3.4884 10.7719 1.4025 29.1723 -7.4720 3.3026
67 Car -1 -1 -4.3512 590.5262 172.8029 637.9335 201.0687 1.7463 1.7206 4.1462 0.6485 1.2709 45.9273 -4.3355 2.7090
67 Car -1 -1 -7.8357 833.8220 178.7662 862.7230 204.0161 1.5202 1.6559 3.7302 15.3678 1.4159 44.6050 -7.5046 -0.0304
67 Car -1 -1 -7.9143 835.7309 180.0121 870.9797 207.2245 1.4478 1.6302 3.6982 13.8529 1.4220 39.6180 -7.5789 -0.9158
67 Car -1 -1 -7.9668 839.5950 177.0614 886.8142 211.6151 1.5730 1.6944 4.0035 12.4458 1.4167 34.3317 -7.6204 -1.0836
68 Car -1 -1 -3.8619 0.0000 146.9287 249.3538 289.5989 1.9691 1.8598 4.6542 -8.6952 1.5061 12.2422 -4.4655 6.3471
68 Car -1 -1 -8.0800 871.8135 187.0330 1038.9023 293.3151 1.4061 1.5631 3.6963 5.4481 1.5315 11.5645 -7.6487 5.7094
68 Car -1 -1 -4.3536 555.2601 169.6647 604.5795 200.5967 1.8524 1.7731 4.1050 -1.5299 1.2036 44.5706 -4.3860 4.4581
68 Car -1 -1 -8.0462 850.5067 179.2582 963.6793 250.1358 1.4965 1.6619 4.3806 7.1380 1.4706 17.2382 -7.6585 4.4208
68 Car -1 -1 -7.8165 815.2109 175.1809 858.4140 215.0327 1.5310 1.5661 3.4335 9.5364 1.3269 29.0442 -7.5009 3.9989
68 Car -1 -1 -4.7300 814.5433 174.1660 853.6763 210.6700 1.6518 1.6972 4.0969 11.0077 1.3654 34.1996 -4.4198 -1.5891
68 Car -1 -1 -7.8351 809.1112 176.6874 841.0233 204.6097 1.4788 1.6244 3.6570 12.2887 1.2770 39.4373 -7.5337 -1.7387
69 Car -1 -1 -8.0979 852.7021 185.9648 1026.3766 296.7230 1.4260 1.5754 3.5490 5.0039 1.5273 11.1703 -7.6856 6.0223
69 Car -1 -1 -4.3136 521.1151 166.7616 573.4701 198.4804 1.8339 1.7242 4.0799 -3.4638 1.0397 43.0868 -4.3915 5.0031
69 Car -1 -1 -8.0441 828.3572 177.0149 943.1610 249.0512 1.4941 1.6836 4.4453 6.5177 1.4222 16.9984 -7.6826 4.5396
69 Car -1 -1 -3.8486 0.0000 142.5591 191.7951 297.6252 1.9427 1.8408 4.4821 -9.1338 1.4678 11.2358 -4.5156 4.0145
69 Car -1 -1 -7.8502 791.5715 174.1621 834.8452 214.0910 1.5198 1.5927 3.5339 8.4566 1.2788 28.8328 -7.5663 3.4093
69 Car -1 -1 -7.8126 784.5613 174.3093 818.3955 203.5256 1.5416 1.6621 3.8420 10.9700 1.2151 39.3903 -7.5414 -0.0006
69 Car -1 -1 -7.9642 785.3705 173.0745 828.8947 206.9589 1.5396 1.6232 3.4850 9.6360 1.2024 33.9777 -7.6887 -0.1293
69 Car -1 -1 -7.8970 777.4796 174.1887 807.7795 199.3852 1.5169 1.6772 3.7585 11.7803 1.1370 44.5805 -7.6387 -1.4793
69 Car -1 -1 -7.9556 768.0314 172.6243 795.8859 192.6347 1.5282 1.7185 4.2645 14.0374 0.9267 56.2299 -7.7106 -1.6084
70 Car -1 -1 -8.1084 839.5025 186.6472 1020.0148 302.3582 1.4070 1.5156 3.6279 4.6225 1.5170 10.7036 -7.7098 5.8638
70 Car -1 -1 -8.0543 810.2117 176.7853 929.6612 250.8594 1.4948 1.6978 4.4559 5.9780 1.4202 16.5932 -7.7130 4.5567
70 Car -1 -1 -7.8494 771.6736 172.7914 817.0417 213.7848 1.5381 1.6571 3.5251 7.5857 1.2491 28.4461 -7.5900 4.0554
70 Car -1 -1 -4.3047 492.0344 164.8714 547.9860 198.2618 1.8570 1.7128 4.2579 -4.9411 0.9879 41.6077 -4.4203 3.4757
70 Car -1 -1 -3.8476 0.0000 132.7641 139.1558 311.7339 1.9770 1.8407 4.6785 -9.4775 1.4501 10.2529 -4.5765 3.2288
70 Car -1 -1 -7.8766 763.8007 174.8078 795.2387 202.5012 1.4584 1.5991 3.5963 9.6098 1.1588 39.1631 -7.6362 0.8977
70 Car -1 -1 -7.9476 767.2523 172.2589 810.6956 207.6435 1.5778 1.6348 3.7333 8.6346 1.2105 33.4987 -7.6960 0.7102
70 Car -1 -1 -4.7695 748.8544 172.1829 772.6235 191.7372 1.4865 1.6107 3.8130 12.2560 0.8542 55.7602 -4.5527 -0.5718
71 Car -1 -1 -8.1344 828.6910 185.8384 1024.7327 308.2596 1.4111 1.5125 3.6621 4.3345 1.5030 10.2194 -7.7426 6.0137
71 Car -1 -1 -4.3008 466.2456 165.5033 522.0446 200.0518 1.8529 1.6550 3.9949 -6.2262 1.0487 40.0633 -4.4520 5.0221
71 Car -1 -1 -8.0668 796.1885 175.7637 921.6875 252.0593 1.4944 1.7188 4.4627 5.5559 1.4019 16.1632 -7.7400 4.9369
71 Car -1 -1 -7.8303 755.5010 171.5808 800.2932 213.0478 1.5329 1.6212 3.5071 6.8611 1.2034 28.0405 -7.5912 3.9740
71 Car -1 -1 -3.8042 0.0000 152.4980 78.4816 336.4916 1.8066 1.7575 4.5171 -9.7018 1.5320 9.2897 -4.5924 1.7787
71 Car -1 -1 -7.8417 746.9716 173.4789 778.7087 202.7242 1.5242 1.6222 3.6917 8.6714 1.1584 38.8335 -7.6221 0.4705
71 Car -1 -1 -7.9343 751.1320 171.7535 793.6624 207.5936 1.5828 1.6534 3.3871 7.7423 1.1967 33.0223 -7.7045 -0.0946
71 Car -1 -1 -7.8667 741.3924 173.3391 769.9348 198.4277 1.4921 1.6664 3.7601 9.3492 1.0663 44.0574 -7.6574 -0.4393
71 Car -1 -1 -4.7846 732.1680 172.4185 757.2885 191.7372 1.4594 1.6450 4.0036 10.9382 0.8489 55.4995 -4.5894 -1.0358
72 Car -1 -1 -8.1553 821.8411 185.5543 1035.7308 317.7582 1.4360 1.5394 3.6339 4.1066 1.5192 9.7017 -7.7648 6.1001
72 Car -1 -1 -4.2961 438.2862 168.4685 499.8387 205.2880 1.8878 1.7159 4.2335 -7.3372 1.2711 38.5083 -4.4811 6.0804
72 Car -1 -1 -8.0710 786.3917 177.4563 915.1165 257.2221 1.5111 1.7048 4.4204 5.1970 1.4538 15.6778 -7.7553 5.2043
72 Car -1 -1 -7.8240 741.8660 173.6748 786.8007 215.8864 1.5342 1.6058 3.4727 6.2305 1.2864 27.5797 -7.6026 4.5912
72 Car -1 -1 -7.8820 727.9020 174.4735 757.6821 200.4372 1.5225 1.6842 3.6844 8.4117 1.1692 43.4167 -7.6904 0.7564
72 Car -1 -1 -4.7819 737.2542 173.9120 779.9843 210.2711 1.5745 1.6500 3.8203 7.0056 1.2894 32.6260 -4.5708 0.2345
72 Car -1 -1 -7.9047 730.8855 175.9798 765.2296 203.9752 1.4449 1.6343 3.6971 7.7156 1.2117 38.4406 -7.7066 -0.4737
73 Car -1 -1 -8.1730 815.3019 188.3669 1052.1276 331.0922 1.4229 1.5475 3.7758 3.9001 1.5472 9.2006 -7.7827 5.7846
73 Car -1 -1 -8.0849 777.7471 179.2222 912.3775 262.9926 1.5240 1.6848 4.3770 4.8712 1.5011 15.1097 -7.7776 5.1864
73 Car -1 -1 -4.2740 413.2468 171.9948 478.0367 209.4711 1.8435 1.6964 4.1446 -8.2692 1.4253 36.9883 -4.4904 4.6816
73 Car -1 -1 -7.8789 731.4688 175.6884 778.2906 219.1687 1.5492 1.6418 3.5029 5.6484 1.3780 27.0618 -7.6739 3.9198
73 Car -1 -1 -7.9022 719.3709 177.8205 754.5352 206.8805 1.4781 1.6675 3.6549 7.0071 1.3420 37.8857 -7.7193 1.7271
73 Car -1 -1 -7.9712 723.7567 176.1545 769.2633 212.8535 1.5763 1.6309 3.3716 6.3481 1.3899 32.1136 -7.7763 1.4357
73 Car -1 -1 -4.5034 576.8337 175.7415 602.6519 192.0738 1.5528 1.7624 3.8610 -1.4382 1.1002 69.2853 -4.5224 0.7433
73 Car -1 -1 -4.7271 706.9139 177.8700 729.1046 197.1426 1.4332 1.6313 3.8542 8.7018 1.2376 54.6030 -4.5684 0.5085
73 Car -1 -1 -7.9105 713.3764 177.6094 744.7932 203.0108 1.4746 1.6566 3.9690 7.5114 1.3069 43.1122 -7.7376 -1.3453
74 Car -1 -1 -8.1954 819.4226 189.9579 1073.6295 345.5158 1.4353 1.5164 3.6228 3.7684 1.5755 8.6022 -7.7943 6.2034
74 Car -1 -1 -8.1048 771.9045 180.8217 917.5189 268.5430 1.5161 1.7004 4.3765 4.6292 1.5240 14.4672 -7.7998 5.2992
74 Car -1 -1 -4.2706 390.1403 172.6433 458.5647 211.8478 1.8435 1.7086 4.1304 -8.9833 1.4742 35.4391 -4.5151 4.7666
74 Car -1 -1 -7.8387 722.9758 177.6273 769.8113 221.2378 1.5191 1.6105 3.5066 5.2891 1.4193 26.5127 -7.6425 4.6411
74 Car -1 -1 -7.9002 710.7538 179.3878 745.9760 208.7214 1.4734 1.6589 3.6829 6.4693 1.4177 37.4454 -7.7289 1.5743
74 Car -1 -1 -7.9445 715.5413 177.7655 761.8573 215.2058 1.5631 1.6841 3.6507 5.8542 1.4491 31.4141 -7.7605 1.0657
74 Car -1 -1 -7.9244 695.4611 177.7508 721.3351 198.5522 1.5339 1.7095 3.4638 7.8590 1.3312 53.9284 -7.7789 -0.1610
74 Car -1 -1 -7.9633 700.4655 178.3827 735.6022 204.7023 1.5114 1.6497 4.0857 6.7626 1.3899 42.6825 -7.8057 -0.5035
74 Car -1 -1 -4.5371 566.0703 178.0043 589.8522 193.9071 1.4762 1.5843 4.0870 -2.5360 1.2444 67.7667 -4.5727 -0.9513
75 Car -1 -1 -8.2141 821.3401 190.3479 1111.1957 362.9055 1.4340 1.5204 3.7758 3.6496 1.5730 8.0216 -7.8002 5.9603
75 Car -1 -1 -4.2622 366.2045 171.7436 439.7714 212.7775 1.8370 1.7196 4.1969 -9.5982 1.4452 33.8699 -4.5343 5.3097
75 Car -1 -1 -8.1160 768.0981 180.7635 921.2037 272.0998 1.5110 1.6864 4.3803 4.4351 1.5174 13.9326 -7.8127 4.9152
75 Car -1 -1 -7.8506 716.3489 176.1734 763.7328 220.9606 1.5257 1.5951 3.4789 4.9197 1.3786 25.9454 -7.6638 4.5374
75 Car -1 -1 -7.9602 708.7959 176.9870 755.4825 214.8606 1.5574 1.6299 3.5132 5.4692 1.4132 30.8840 -7.7851 1.7446
75 Car -1 -1 -7.9009 703.3677 178.7236 738.1805 208.2755 1.4578 1.6081 3.6444 5.9588 1.3703 36.7804 -7.7400 1.0981
75 Car -1 -1 -4.4480 550.4753 176.7023 580.8331 193.7205 1.5365 1.7557 4.3448 -3.6180 1.1935 66.1446 -4.5008 0.7816
75 Car -1 -1 -4.6997 688.2325 177.7105 710.8537 197.8948 1.4695 1.6360 3.8698 7.1827 1.2664 53.5088 -4.5654 0.1004
75 Car -1 -1 -7.8333 697.7431 176.2835 728.3436 204.1209 1.5701 1.7125 3.6960 6.4193 1.3324 41.8471 -7.6806 -0.7254
75 Car -1 -1 -8.6328 969.3584 0.0000 1223.0000 369.0000 1.4674 1.5771 3.3775 2.6066 0.9953 2.0817 -7.8047 -2.1501
76 Car -1 -1 -8.2490 822.6617 191.9503 1158.9224 369.0000 1.4172 1.5711 3.7879 3.5465 1.5691 7.4377 -7.8187 5.8940
76 Car -1 -1 -4.2544 342.8630 171.6864 421.1385 215.1850 1.8522 1.6971 4.2424 -10.1125 1.4771 32.3349 -4.5531 5.2880
76 Car -1 -1 -8.1251 766.1024 180.7554 932.1331 277.8744 1.5174 1.7375 4.3664 4.2748 1.5234 13.2711 -7.8188 5.0552
76 Car -1 -1 -7.8752 711.0598 177.7230 759.4113 223.4953 1.5190 1.5865 3.4840 4.5791 1.4271 25.3083 -7.6968 4.7077
76 Car -1 -1 -7.9559 701.6985 176.8127 749.9612 215.8530 1.5709 1.6743 3.4931 5.0822 1.4227 30.2464 -7.7895 2.4154
76 Car -1 -1 -7.8971 695.8701 178.8374 731.2621 209.3276 1.4756 1.6229 3.5687 5.4756 1.3953 36.0803 -7.7462 1.1503
76 Car -1 -1 -4.8321 677.2780 177.7385 705.4543 198.2153 1.4774 1.6445 3.8279 6.4314 1.2782 52.9307 -4.7103 -0.0315
76 Car -1 -1 -4.4817 542.1429 176.3776 567.7426 192.7501 1.4456 1.5380 3.5929 -4.5053 1.0815 64.3245 -4.5496 -0.1225
76 Car -1 -1 -7.9287 687.1061 177.5035 721.0073 205.1735 1.5438 1.6765 3.8393 5.7444 1.3767 41.4176 -7.7904 -0.6154
77 Car -1 -1 -8.2834 833.5216 193.5853 1222.8727 369.0000 1.4103 1.5531 3.7457 3.4672 1.5708 6.7573 -7.8264 5.4765
77 Car -1 -1 -4.2304 317.7903 171.7621 401.0021 217.5038 1.8519 1.7045 4.0883 -10.6044 1.4983 30.7767 -4.5574 5.4072
77 Car -1 -1 -8.1375 765.3999 180.8989 938.7501 283.1920 1.5155 1.6756 4.3609 4.1172 1.5242 12.6921 -7.8295 5.2213
77 Car -1 -1 -7.8619 705.5202 177.5030 755.2130 224.3359 1.5111 1.5875 3.4815 4.3140 1.4147 24.6608 -7.6893 4.6734
77 Car -1 -1 -7.9508 695.5954 177.4920 743.9515 217.0459 1.5588 1.6581 3.4920 4.7268 1.4405 29.6578 -7.7928 2.6266
77 Car -1 -1 -7.9132 688.2235 178.7101 725.3699 210.0318 1.4871 1.6251 3.5236 5.0290 1.4023 35.3928 -7.7717 1.1543
77 Car -1 -1 -4.4361 526.2902 179.3751 556.7867 196.0321 1.4227 1.6070 4.1673 -5.5602 1.3265 62.5879 -4.5226 0.6910
77 Car -1 -1 -7.8776 683.3820 178.5645 714.1454 205.8189 1.4936 1.6594 3.7858 5.3450 1.3876 40.7181 -7.7465 0.6270
77 Car -1 -1 -7.9507 670.8139 178.0332 697.1555 198.8675 1.4848 1.6066 3.3825 5.7906 1.3090 52.0936 -7.8390 0.4485
78 Car -1 -1 -8.1463 766.5607 181.7205 953.0655 290.4476 1.5036 1.6823 4.3460 3.9931 1.5285 12.0181 -7.8317 5.9290
78 Car -1 -1 -4.2274 292.2193 173.1709 381.6718 221.4962 1.8498 1.7170 4.1170 -10.9814 1.5695 29.2171 -4.5817 5.8267
78 Car -1 -1 -8.3249 844.2113 194.8768 1223.0000 369.0000 1.4312 1.5378 3.7284 3.3894 1.5941 6.1151 -7.8387 5.4398
78 Car -1 -1 -7.8646 699.6155 177.1522 751.4152 226.3602 1.5451 1.6121 3.4592 4.0321 1.4402 24.0336 -7.6989 4.5896
78 Car -1 -1 -7.9664 689.8492 178.3587 741.1206 219.0572 1.5658 1.6640 3.6867 4.4488 1.4837 29.0776 -7.8147 2.3140
78 Car -1 -1 -4.4534 516.3964 178.3123 546.4673 195.9050 1.4659 1.6236 3.9218 -6.2917 1.2835 60.9769 -4.5540 1.3812
78 Car -1 -1 -7.9039 683.5086 179.3154 721.3334 211.4935 1.5024 1.6543 3.8261 4.7488 1.4473 34.9889 -7.7686 1.3597
78 Car -1 -1 -7.9216 675.1299 178.8327 709.4618 206.7052 1.5032 1.6630 3.9527 4.8957 1.4134 40.1512 -7.7996 0.4142
78 Car -1 -1 -7.8871 666.7723 179.0168 691.2359 200.6455 1.5259 1.6583 3.6176 5.3862 1.4212 51.7444 -7.7824 -2.0464
79 Car -1 -1 -8.1695 768.3098 181.3189 974.6456 299.2321 1.5245 1.7002 4.3618 3.9121 1.5405 11.3601 -7.8447 6.0257
79 Car -1 -1 -4.2078 265.7937 172.5996 361.9584 224.0908 1.8619 1.7173 4.0524 -11.2975 1.5765 27.6830 -4.5896 5.5097
79 Car -1 -1 -7.8868 698.0784 176.3516 751.6606 227.5847 1.5597 1.6105 3.4428 3.8532 1.4337 23.3357 -7.7237 5.1530
79 Car -1 -1 -8.3926 861.3348 194.4227 1223.0000 369.0000 1.4695 1.5847 3.6082 3.3568 1.6118 5.3961 -7.8602 4.7570
79 Car -1 -1 -7.9526 687.5374 177.0473 738.7725 219.4612 1.5903 1.6684 3.6021 4.2421 1.4611 28.3506 -7.8041 3.3681
79 Car -1 -1 -7.8897 680.9709 179.7168 717.3943 211.3951 1.4514 1.6126 3.5392 4.4925 1.4157 34.2334 -7.7588 1.7889
79 Car -1 -1 -4.4576 506.5120 177.5732 537.5590 195.8890 1.4837 1.6445 3.9290 -6.9098 1.2465 59.3351 -4.5712 1.7065
79 Car -1 -1 -7.9108 670.8977 179.0084 704.3668 206.4470 1.4577 1.6366 3.7933 4.5574 1.3786 39.5034 -7.7952 0.7644
79 Car -1 -1 -7.9369 660.2139 178.3600 686.7034 200.1245 1.5151 1.6165 3.4552 4.9030 1.3662 50.9594 -7.8400 -1.0779
80 Car -1 -1 -4.1866 238.6489 171.9576 343.5526 226.1462 1.8437 1.6930 4.1181 -11.5183 1.5533 26.2007 -4.5946 6.4005
80 Car -1 -1 -8.1873 773.7093 180.9665 999.8589 307.6963 1.5179 1.7009 4.3132 3.8462 1.5267 10.6458 -7.8484 6.1312
80 Car -1 -1 -7.8607 697.1451 175.6877 751.7195 226.8288 1.5064 1.5944 3.4633 3.7684 1.3650 22.6624 -7.6965 4.1639
80 Car -1 -1 -8.4527 881.8905 194.6093 1223.0000 369.0000 1.4528 1.5918 3.7074 3.3465 1.5852 4.7485 -7.8678 3.2907
80 Car -1 -1 -7.9498 686.1160 176.1876 739.4572 219.3927 1.5771 1.7005 3.7306 4.1246 1.4200 27.7165 -7.8021 2.5376
80 Car -1 -1 -7.8987 678.3586 178.9876 717.4124 211.9870 1.4775 1.6685 3.4706 4.3242 1.4100 33.4560 -7.7697 2.0974
80 Car -1 -1 -4.4629 498.2919 177.4205 529.1659 195.8702 1.4515 1.5745 3.9101 -7.3933 1.2092 57.6644 -4.5881 1.8676
80 Car -1 -1 -7.9420 657.8403 178.3814 684.4183 199.0522 1.4196 1.5992 3.2027 4.6619 1.2741 50.1621 -7.8483 0.5567
80 Car -1 -1 -7.8988 669.1846 177.6010 702.8364 206.0259 1.4833 1.6597 3.8185 4.3911 1.3321 38.8570 -7.7856 -0.3225
81 Car -1 -1 -4.1645 208.1295 169.5625 323.3538 228.4683 1.8803 1.6913 4.1569 -11.7372 1.5314 24.7284 -4.6010 6.6349
81 Car -1 -1 -8.2119 778.8591 180.3963 1033.1251 317.4705 1.5042 1.7130 4.3250 3.7843 1.5035 9.9237 -7.8565 6.1245
81 Car -1 -1 -7.8747 697.2576 175.1754 753.1849 227.3169 1.4831 1.5772 3.4983 3.6453 1.3319 21.9545 -7.7108 4.6905
81 Car -1 -1 -7.9732 683.0975 175.3501 738.7117 218.8871 1.5481 1.6668 3.5644 3.9353 1.3652 26.9448 -7.8283 3.3639
81 Car -1 -1 -8.5266 915.0162 198.1945 1223.0000 369.0000 1.4754 1.6283 3.7710 3.3341 1.6223 3.9590 -7.8635 3.0300
81 Car -1 -1 -7.8877 676.8990 176.8734 715.7620 210.7144 1.4814 1.6564 3.7241 4.1722 1.3228 32.8812 -7.7610 1.7514
81 Car -1 -1 -4.4319 487.5763 176.7230 523.3669 197.4029 1.5730 1.7066 4.1864 -7.8222 1.2857 55.9761 -4.5683 1.5441
81 Car -1 -1 -7.8980 656.3593 176.4192 682.2012 198.1627 1.4657 1.6448 3.4706 4.4611 1.1906 49.4320 -7.8070 1.2033
81 Car -1 -1 -7.8588 668.1943 176.3545 700.5817 205.5313 1.4920 1.6496 3.7864 4.2519 1.2801 38.1254 -7.7470 0.6182
82 Car -1 -1 -8.2337 786.6891 180.8148 1072.9714 333.1374 1.5097 1.7017 4.3559 3.7328 1.5151 9.1981 -7.8584 6.8252
82 Car -1 -1 -4.1473 175.9051 168.9628 300.6561 231.5907 1.8680 1.6782 4.0935 -11.8996 1.5242 23.2087 -4.6138 6.3812
82 Car -1 -1 -7.8863 696.9205 174.2473 755.6359 229.9139 1.5273 1.5973 3.4878 3.5309 1.3561 21.2332 -7.7222 4.6586
82 Car -1 -1 -7.9724 682.3398 175.0740 739.2169 219.9524 1.5472 1.6532 3.5908 3.8147 1.3604 26.1920 -7.8278 3.4839
82 Car -1 -1 -8.6371 949.1185 200.8298 1223.0000 369.0000 1.5612 1.6472 3.7944 3.3009 1.7095 3.2177 -7.8853 2.4434
82 Car -1 -1 -4.4446 479.9691 176.5942 515.3265 196.7303 1.4858 1.6567 4.0804 -8.1899 1.1976 54.2963 -4.5918 1.9461
82 Car -1 -1 -7.9160 672.7578 176.7975 715.0330 211.5197 1.4837 1.6602 3.8763 3.9658 1.3257 32.1973 -7.7930 1.3808
82 Car -1 -1 -7.8399 654.9136 175.8951 679.9891 198.2892 1.4871 1.6617 3.4701 4.3291 1.1813 48.7633 -7.7503 1.1907
82 Car -1 -1 -7.8248 665.9979 176.3375 699.4333 205.6789 1.4646 1.6424 3.7282 4.1193 1.2570 37.2529 -7.7139 0.6572
83 Car -1 -1 -8.2633 796.3542 181.4283 1124.8654 353.1264 1.5151 1.7015 4.3387 3.6888 1.5294 8.4395 -7.8632 6.9781
83 Car -1 -1 -4.1257 138.3678 168.2625 276.5913 235.7894 1.8706 1.6701 4.1185 -12.0497 1.5319 21.7111 -4.6244 6.6706
83 Car -1 -1 -7.8980 696.9982 174.5817 759.4803 231.9530 1.5137 1.6051 3.4284 3.4476 1.3579 20.4545 -7.7319 4.8369
83 Car -1 -1 -7.9824 680.9983 174.6866 740.5100 221.6173 1.5674 1.6466 3.6374 3.6972 1.3735 25.4455 -7.8382 3.8369
83 Car -1 -1 -8.8155 1005.5300 214.1532 1223.0000 369.0000 1.4779 1.6503 4.0224 3.3533 1.6898 2.3798 -7.9216 2.0030
83 Car -1 -1 -4.4103 470.8096 175.8745 508.5381 197.3358 1.5329 1.6470 4.0021 -8.5263 1.2025 52.6007 -4.5684 1.8348
83 Car -1 -1 -7.9175 671.6429 176.8243 714.3633 212.7868 1.5000 1.6414 3.6069 3.8209 1.3469 31.3398 -7.7958 1.5933
83 Car -1 -1 -7.8917 663.6105 176.3307 699.3171 207.4002 1.5232 1.6861 3.8810 3.8970 1.3190 36.6583 -7.7851 1.1760
83 Car -1 -1 -7.8866 652.2332 176.0945 678.4382 198.4769 1.4630 1.6571 3.4483 4.0594 1.1751 47.9822 -7.8011 0.5524
83 Car -1 -1 -4.7951 659.7506 174.5779 692.1509 201.8809 1.5768 1.6363 3.7762 4.2356 1.2349 42.7347 -4.6954 -1.2714
84 Car -1 -1 -4.0884 95.0592 168.7827 250.7491 240.8389 1.8460 1.6913 4.1052 -12.1874 1.5461 20.2341 -4.6219 6.9313
84 Car -1 -1 -8.2993 808.7833 181.3807 1195.9130 369.0000 1.5248 1.6993 4.3825 3.6757 1.5375 7.6994 -7.8681 6.4048
84 Car -1 -1 -7.9150 696.7396 173.6940 763.9466 234.3694 1.5344 1.6071 3.4113 3.3618 1.3626 19.6625 -7.7467 4.5940
84 Car -1 -1 -7.9909 680.5996 173.6796 742.6633 222.0708 1.5649 1.6402 3.6500 3.6115 1.3446 24.6963 -7.8459 3.6753
84 Car -1 -1 -7.9248 670.4412 176.6637 715.5047 213.2927 1.4889 1.6731 3.5467 3.7186 1.3331 30.5528 -7.8033 2.0788
84 Car -1 -1 -4.4171 463.2696 175.4144 500.4713 196.7802 1.4783 1.6034 3.7691 -8.8145 1.1264 50.8907 -4.5858 1.6012
84 Car -1 -1 -7.9019 661.5568 175.7552 698.9753 207.1692 1.5028 1.6917 3.8391 3.7396 1.2760 35.7896 -7.7971 1.0157
84 Car -1 -1 -7.9195 648.8611 176.0079 676.7774 198.6982 1.4616 1.6409 3.3258 3.8252 1.1723 47.2223 -7.8375 0.9761
84 Car -1 -1 -8.7207 0.0000 0.0000 1223.0000 369.0000 1.4575 1.6291 3.7312 3.0320 1.6682 1.8059 -7.7606 -1.1644
84 Car -1 -1 -1.8340 651.3372 173.1252 696.5635 200.3793 1.5301 1.6846 3.9443 4.0061 1.1162 41.7793 -1.7375 -1.8306
85 Car -1 -1 -4.0548 46.3921 169.3083 222.1496 247.7661 1.8479 1.7108 4.0833 -12.2874 1.5846 18.7613 -4.6252 6.8925
85 Car -1 -1 -8.3370 826.9108 179.8717 1223.0000 369.0000 1.5025 1.6621 4.2943 3.6396 1.4988 6.8873 -7.8678 6.1485
85 Car -1 -1 -7.9110 699.0047 172.2302 768.7722 235.7099 1.5370 1.6137 3.3957 3.3172 1.3371 18.8994 -7.7384 4.4946
85 Car -1 -1 -7.9937 681.9342 174.0749 745.7579 222.5903 1.5189 1.6316 3.5795 3.5696 1.3181 23.9329 -7.8459 3.7125
85 Car -1 -1 -7.9174 670.9105 175.7334 715.7121 212.8451 1.4680 1.6354 3.6335 3.6408 1.2797 29.8298 -7.7955 2.3018
85 Car -1 -1 -4.4168 454.5926 175.6873 494.2693 198.1004 1.4965 1.6171 3.9985 -9.0497 1.1752 49.2889 -4.5955 2.0827
85 Car -1 -1 -7.9101 660.5193 174.1543 699.5720 206.6036 1.5223 1.7054 3.8809 3.6569 1.2248 35.1484 -7.8057 1.1713
85 Car -1 -1 -4.7749 647.8402 174.7858 675.7822 197.3835 1.4305 1.6045 3.7016 3.7053 1.0689 46.6243 -4.6945 1.1558
86 Car -1 -1 -4.0238 0.0000 172.3539 191.0282 256.0888 1.7942 1.7066 4.1360 -12.3374 1.6200 17.2786 -4.6335 6.7918
86 Car -1 -1 -8.3902 846.9953 180.2700 1223.0000 369.0000 1.5101 1.6908 4.3001 3.6456 1.5093 6.0932 -7.8718 5.6892
86 Car -1 -1 -7.9003 704.4790 173.3828 774.9540 238.8521 1.5117 1.5859 3.4135 3.3224 1.3477 18.1233 -7.7204 4.8912
86 Car -1 -1 -8.0007 683.7606 174.1935 751.4479 224.8485 1.5284 1.6486 3.6675 3.5677 1.3384 23.1718 -7.8484 3.8200
86 Car -1 -1 -4.3735 445.8948 176.0739 488.9781 199.9424 1.5388 1.6483 3.8681 -9.2134 1.2535 47.6203 -4.5617 3.0672
86 Car -1 -1 -7.9090 673.1961 176.1290 718.8611 214.6126 1.4799 1.6502 3.6267 3.6535 1.3120 29.0559 -7.7836 2.0778
86 Car -1 -1 -7.8936 663.2712 174.9085 701.7935 207.9672 1.5089 1.6920 3.9163 3.6844 1.2539 34.2831 -7.7859 1.0285
86 Car -1 -1 -7.9556 648.2174 174.9040 680.1419 199.0607 1.5010 1.6988 3.5867 3.7831 1.1533 45.7408 -7.8720 0.9744
86 Car -1 -1 -7.8876 659.4794 174.5960 690.9100 202.2622 1.5173 1.6685 3.7741 3.9871 1.1936 40.7138 -7.7891 -1.3400
87 Car -1 -1 -3.9829 0.0000 171.9768 154.9230 267.3119 1.8484 1.6860 4.0940 -12.3647 1.6835 15.8146 -4.6351 6.0560
87 Car -1 -1 -7.9076 708.2845 173.0895 783.4348 242.4261 1.5231 1.5896 3.4510 3.3174 1.3607 17.3478 -7.7203 5.3237
87 Car -1 -1 -8.4459 872.9018 181.8723 1223.0000 369.0000 1.5148 1.7124 4.1928 3.6507 1.5297 5.3417 -7.8718 5.2178
87 Car -1 -1 -4.3868 437.9472 176.3309 481.6077 201.5456 1.5656 1.6417 3.7893 -9.3748 1.3068 45.8854 -4.5853 5.1609
87 Car -1 -1 -8.0008 685.7868 174.3043 755.8875 227.2089 1.5351 1.6553 3.5587 3.5297 1.3556 22.3034 -7.8444 3.4847
87 Car -1 -1 -7.9255 673.4067 176.5389 721.4055 216.2942 1.4842 1.6346 3.5596 3.5981 1.3366 28.2194 -7.7985 2.4550
87 Car -1 -1 -7.9416 648.6556 175.8704 678.8191 199.8945 1.4683 1.6302 3.1681 3.6816 1.1854 44.8016 -7.8585 1.5528
87 Car -1 -1 -4.8257 659.4168 175.7868 701.5923 208.7028 1.4693 1.5794 3.5176 3.4852 1.2591 33.3267 -4.7209 1.1186
88 Car -1 -1 -3.9308 0.0000 175.8327 114.0067 278.4355 1.7764 1.7048 4.1386 -12.4262 1.6960 14.3730 -4.6311 5.4223
88 Car -1 -1 -7.9130 713.2557 172.8197 793.7160 246.5427 1.5315 1.5964 3.5142 3.3247 1.3723 16.5381 -7.7166 5.0579
88 Car -1 -1 -8.5056 909.1106 186.3310 1223.0000 369.0000 1.4828 1.6541 4.0416 3.6169 1.5375 4.5517 -7.8655 3.8288
88 Car -1 -1 -8.0140 688.7119 173.9474 763.5222 230.6054 1.5784 1.6724 3.5242 3.5463 1.3962 21.4621 -7.8509 3.5721
88 Car -1 -1 -4.3648 429.1342 177.6938 475.2838 203.0573 1.5144 1.6148 3.7985 -9.5027 1.3469 44.2078 -4.5734 3.3074
88 Car -1 -1 -7.9345 675.2134 176.7849 726.1352 218.2883 1.5005 1.6523 3.6582 3.6154 1.3664 27.4303 -7.8033 2.3612
88 Car -1 -1 -7.9237 650.8680 177.0403 680.3950 200.4723 1.4047 1.6070 3.2174 3.7324 1.1974 44.0076 -7.8380 1.6904
88 Car -1 -1 -7.9255 663.4900 176.9198 705.6812 210.6993 1.4669 1.6540 3.8500 3.5955 1.3116 32.6594 -7.8152 1.0041
89 Car -1 -1 -7.9246 717.7191 173.2004 804.9147 251.3798 1.5307 1.6018 3.4593 3.3067 1.3882 15.6657 -7.7190 5.6386
89 Car -1 -1 -4.3435 419.7907 178.0511 468.4214 204.2183 1.5026 1.6368 3.6542 -9.6297 1.3621 42.5308 -4.5629 3.8057
89 Car -1 -1 -8.0109 691.4896 174.8280 769.2792 232.5416 1.5425 1.6700 3.6224 3.5361 1.3913 20.7182 -7.8427 3.4663
89 Car -1 -1 -8.5878 952.5020 183.8251 1223.0000 369.0000 1.5007 1.6441 3.9123 3.5904 1.5281 3.7592 -7.8648 3.4326
89 Car -1 -1 -3.9036 0.0000 177.3653 62.8075 297.2712 1.8044 1.7065 4.2974 -12.4593 1.7576 12.8302 -4.6604 2.4309
89 Car -1 -1 -7.9341 676.7094 176.6188 730.4200 219.2910 1.4913 1.6814 3.9323 3.6185 1.3560 26.7196 -7.7994 2.1614
89 Car -1 -1 -7.9434 663.0176 176.2990 709.5090 211.2449 1.4748 1.7150 4.0307 3.5731 1.2977 31.8735 -7.8312 1.8758
89 Car -1 -1 -7.9023 651.8715 176.8618 681.1686 201.6113 1.4504 1.6157 3.3710 3.7102 1.2373 43.1494 -7.8155 1.0771
89 Car -1 -1 -7.8512 663.9556 174.5557 695.2991 203.9260 1.5237 1.6207 3.6528 4.0596 1.2155 38.5846 -7.7456 -1.7935
90 Car -1 -1 -7.9522 721.0651 173.9643 818.1977 256.8913 1.5257 1.6028 3.4437 3.2795 1.4058 14.8119 -7.7371 5.9364
90 Car -1 -1 -8.0220 694.2177 174.5257 775.3657 234.6443 1.5365 1.6457 3.5058 3.5000 1.3841 19.8281 -7.8483 4.1388
90 Car -1 -1 -4.3475 409.3738 178.7208 461.0892 207.0207 1.5580 1.6393 3.8419 -9.7756 1.4602 40.9384 -4.5785 4.1004
90 Car -1 -1 -7.9507 677.3420 177.1981 733.8956 221.0037 1.4810 1.6676 3.7869 3.5677 1.3697 25.8305 -7.8135 2.8761
90 Car -1 -1 -8.7315 1009.3992 189.4384 1223.0000 369.0000 1.4653 1.6149 3.8335 3.6080 1.5280 2.9707 -7.8990 2.2538
90 Car -1 -1 -7.9378 665.7378 177.0212 712.9124 212.5045 1.4596 1.7217 3.9316 3.6156 1.3168 31.0779 -7.8215 1.8894
90 Car -1 -1 -7.9119 652.4574 177.5865 682.4928 202.2204 1.4156 1.5990 3.2555 3.6913 1.2483 42.2834 -7.8238 0.9560
90 Car -1 -1 -7.9265 662.2837 174.9748 697.8419 205.4858 1.5401 1.6061 3.7153 3.9255 1.2613 37.5717 -7.8216 -0.7816
91 Car -1 -1 -7.9471 729.2440 173.4277 832.7700 262.4501 1.5278 1.6089 3.5466 3.3020 1.4068 14.0001 -7.7188 5.7434
91 Car -1 -1 -8.0299 697.3289 174.3087 785.5513 237.7428 1.5389 1.6785 3.6474 3.5088 1.3891 18.9817 -7.8484 4.0886
91 Car -1 -1 -4.3427 398.6915 180.0861 453.4045 208.5731 1.4987 1.6294 3.9136 -9.8746 1.4771 39.2420 -4.5857 3.4422
91 Car -1 -1 -7.9627 679.0042 176.6705 737.5624 222.5600 1.4947 1.6410 3.5379 3.5194 1.3702 24.8240 -7.8220 3.3476
91 Car -1 -1 -7.9420 665.2543 175.9937 714.6731 213.7704 1.5032 1.7256 4.1146 3.5329 1.3242 30.2169 -7.8252 1.8790
91 Car -1 -1 -7.8618 654.2910 177.4261 683.2262 203.4101 1.4585 1.6202 3.4620 3.7130 1.2861 41.4803 -7.7716 0.9357
91 Car -1 -1 -8.8750 1088.5070 200.0711 1223.0000 369.0000 1.4611 1.6606 3.9063 3.6278 1.5758 2.1374 -7.8986 0.8749
91 Car -1 -1 -7.9173 663.3990 174.8767 700.0718 206.4441 1.5640 1.6645 3.6951 3.9405 1.2855 36.9124 -7.8102 -1.3935
92 Car -1 -1 -7.9699 735.4346 173.5969 849.5800 269.7429 1.5350 1.5926 3.4644 3.2813 1.4252 13.1064 -7.7286 5.8886
92 Car -1 -1 -4.3275 387.5195 180.0730 444.7039 210.6749 1.5404 1.6234 3.7837 -9.9811 1.5190 37.5701 -4.5834 4.3679
92 Car -1 -1 -8.0355 700.7631 174.6352 794.4812 241.2463 1.5357 1.6831 3.6769 3.4967 1.4008 18.1451 -7.8467 4.1219
92 Car -1 -1 -7.9553 682.4482 177.7189 743.8745 224.5314 1.4601 1.6664 3.7225 3.5478 1.3736 23.9503 -7.8085 3.1537
92 Car -1 -1 -7.9411 667.4556 176.1949 718.9961 215.2386 1.5070 1.7572 4.0922 3.5620 1.3411 29.3654 -7.8201 2.0328
92 Car -1 -1 -7.8966 655.1758 175.8575 686.0986 203.8737 1.5410 1.6236 3.2699 3.7170 1.2857 40.5632 -7.8043 1.3362
92 Car -1 -1 -5.0476 649.9254 175.3789 704.9349 207.7345 1.5425 1.6569 3.6071 3.5733 1.2985 35.6545 -4.9470 -1.7265
93 Car -1 -1 -7.9802 743.6381 174.7204 870.6185 278.2695 1.5184 1.6006 3.5929 3.2848 1.4340 12.2534 -7.7230 6.1287
93 Car -1 -1 -4.3128 374.4810 180.4116 435.2482 212.2139 1.5232 1.5988 3.8066 -10.0904 1.5191 35.8547 -4.5832 4.6997
93 Car -1 -1 -8.0478 705.8679 173.9745 804.5574 244.4968 1.5366 1.6587 3.5142 3.4817 1.3947 17.1664 -7.8496 4.4038
93 Car -1 -1 -7.9670 683.4178 177.0909 747.4871 226.1051 1.4717 1.6385 3.7001 3.4902 1.3697 23.1092 -7.8174 3.3270
93 Car -1 -1 -7.9436 669.1940 176.3633 722.3109 216.5779 1.5002 1.7360 4.1938 3.5508 1.3461 28.5020 -7.8194 2.5191
93 Car -1 -1 -7.9541 653.5831 176.2890 689.0064 203.9109 1.4868 1.6513 3.3329 3.6704 1.2602 39.7292 -7.8610 1.5863
93 Car -1 -1 -7.9082 667.6719 176.4772 705.1951 208.9324 1.5137 1.6338 3.6032 3.9424 1.3263 34.8244 -7.7948 0.4526
93 Car -1 -1 -2.0555 765.2546 140.3144 858.0174 186.2674 1.5378 1.6536 3.7542 7.3607 0.1933 25.6679 -1.7774 -2.1424
94 Car -1 -1 -7.9932 754.5908 173.8491 894.6670 287.8327 1.5272 1.5885 3.4782 3.2801 1.4385 11.3046 -7.7166 5.5991
94 Car -1 -1 -4.3090 361.2315 180.7889 425.5676 214.4545 1.5349 1.6097 3.8044 -10.1898 1.5499 34.2536 -4.5940 5.2179
94 Car -1 -1 -8.0597 710.0107 173.2688 816.9026 249.0105 1.5513 1.6585 3.5876 3.4686 1.4036 16.2771 -7.8520 5.0220
94 Car -1 -1 -7.9722 687.1679 176.3102 754.2873 227.8254 1.4838 1.6392 3.6292 3.5118 1.3634 22.2097 -7.8159 3.2899
94 Car -1 -1 -7.9416 671.2924 175.2909 725.7410 217.6322 1.5282 1.7327 4.1457 3.5439 1.3404 27.6250 -7.8138 2.2626
94 Car -1 -1 -7.9397 654.9417 176.5547 690.1505 204.1287 1.4490 1.6366 3.3788 3.6550 1.2418 38.8505 -7.8450 2.1951
94 Car -1 -1 -7.9375 667.5059 175.9987 706.9238 209.0596 1.5027 1.5843 3.4602 3.8713 1.2983 33.8913 -7.8232 -0.9874
95 Car -1 -1 -8.0202 765.2794 173.9542 926.5838 300.1788 1.5279 1.5938 3.4670 3.2786 1.4491 10.3825 -7.7213 5.9816
95 Car -1 -1 -4.2891 345.7161 180.1260 414.8697 215.1201 1.5138 1.5790 3.8589 -10.2929 1.4978 32.5965 -4.5905 4.8069
95 Car -1 -1 -8.0699 716.0446 173.3390 829.9105 253.4835 1.5367 1.6289 3.5626 3.4561 1.3997 15.3405 -7.8510 4.5451
95 Car -1 -1 -7.9879 688.7024 176.1831 762.1708 229.8941 1.4751 1.6728 3.7064 3.4926 1.3568 21.2936 -7.8261 3.7039
95 Car -1 -1 -7.9426 674.1342 175.3256 730.0422 218.7507 1.5116 1.7175 4.0417 3.5506 1.3317 26.6685 -7.8101 2.3520
95 Car -1 -1 -7.9333 655.6219 175.2709 691.4357 204.1796 1.4803 1.6455 3.3209 3.6133 1.2127 37.8781 -7.8373 1.8492
95 Car -1 -1 -7.9359 668.9827 175.9992 708.9500 209.4543 1.4742 1.5585 3.4835 3.8381 1.2761 32.9246 -7.8193 1.3310
95 Car -1 -1 -4.6457 651.2170 170.6862 683.4050 198.5443 1.5843 1.6590 3.8844 3.7549 1.0263 42.2568 -4.5560 -0.4947
96 Car -1 -1 -8.0438 778.4456 176.1000 964.1482 316.5080 1.5179 1.5860 3.4787 3.2754 1.4708 9.4737 -7.7194 6.1356
96 Car -1 -1 -8.0863 721.6889 174.0026 846.9862 260.2200 1.5402 1.6439 3.5644 3.4521 1.4245 14.4139 -7.8545 5.2128
96 Car -1 -1 -4.2741 329.0139 181.3304 402.8099 218.3499 1.5107 1.5904 3.7749 -10.3835 1.5495 30.9090 -4.5935 5.0858
96 Car -1 -1 -7.9879 692.8818 177.0918 768.1859 233.3592 1.4688 1.6262 3.6585 3.4694 1.3802 20.3134 -7.8196 3.9204
96 Car -1 -1 -7.9348 677.1458 175.8360 735.7745 221.7984 1.5402 1.7694 4.0848 3.5820 1.3842 25.7831 -7.7967 2.9683
96 Car -1 -1 -7.8980 658.4518 176.8222 693.3912 205.8805 1.4505 1.6669 3.3566 3.6538 1.2671 37.0162 -7.7988 1.6624
96 Car -1 -1 -7.9446 669.8771 176.1533 714.0301 211.5830 1.5158 1.6541 3.6481 3.8666 1.3300 32.0973 -7.8243 1.1516
97 Car -1 -1 -8.0716 794.5550 176.9176 1011.9476 336.2453 1.5170 1.5883 3.3830 3.2645 1.4833 8.5166 -7.7161 6.2175
97 Car -1 -1 -4.2478 309.0996 181.8090 390.3443 220.9289 1.5041 1.6184 3.8060 -10.5052 1.5623 29.3070 -4.5869 5.9666
97 Car -1 -1 -8.1024 728.7444 174.4399 866.2767 268.4874 1.5555 1.6387 3.5768 3.4505 1.4557 13.4844 -7.8558 5.4165
97 Car -1 -1 -7.9951 696.0925 177.3980 776.7623 237.0789 1.4810 1.6488 3.6218 3.4587 1.4043 19.3837 -7.8196 3.9714
97 Car -1 -1 -7.9474 677.8311 176.5811 738.3948 223.9823 1.5258 1.7153 3.9473 3.4937 1.3999 24.7701 -7.8074 2.9979
97 Car -1 -1 -7.9536 656.6599 177.7246 694.6870 207.2303 1.4356 1.6226 3.0293 3.5313 1.3007 35.9163 -7.8548 1.5371
97 Car -1 -1 -7.9437 670.3969 176.4467 715.5847 212.8943 1.5095 1.6398 3.6740 3.7921 1.3418 31.1444 -7.8222 1.2168
98 Car -1 -1 -4.2443 288.4497 182.0527 375.8397 224.0014 1.5106 1.5811 3.8949 -10.5778 1.5760 27.6319 -4.6045 6.5306
98 Car -1 -1 -8.1098 814.1806 176.6602 1079.3938 366.0918 1.5443 1.5916 3.3365 3.2528 1.5134 7.5264 -7.7152 6.5272
98 Car -1 -1 -8.1152 736.3215 173.0998 888.1887 275.8395 1.5614 1.6327 3.6326 3.4389 1.4493 12.5627 -7.8527 5.2291
98 Car -1 -1 -8.0115 698.7062 177.7307 786.4949 241.4347 1.4958 1.6527 3.7116 3.4389 1.4311 18.4780 -7.8289 4.4299
98 Car -1 -1 -7.9652 678.9290 176.8146 745.9072 226.1899 1.5257 1.7716 4.0719 3.5015 1.4121 23.9130 -7.8201 3.2215
98 Car -1 -1 -7.9353 658.6233 177.2607 696.6577 207.8611 1.4468 1.6147 3.1770 3.5370 1.2938 35.0343 -7.8340 1.8844
98 Car -1 -1 -7.9282 674.2530 176.4967 719.8368 215.1748 1.5491 1.6426 3.8053 3.8514 1.3890 30.2613 -7.8013 1.8193
99 Car -1 -1 -4.2157 263.7914 181.8684 359.3761 226.6059 1.5130 1.5982 3.8317 -10.7091 1.5675 26.0269 -4.6001 5.9229
99 Car -1 -1 -8.1546 836.9127 178.9190 1175.6194 369.0000 1.5254 1.6053 3.4192 3.2589 1.5152 6.6032 -7.7131 5.6705
99 Car -1 -1 -8.1338 745.2784 173.8145 914.4057 286.2786 1.5563 1.6325 3.5705 3.4162 1.4642 11.5709 -7.8524 5.5531
99 Car -1 -1 -8.0155 704.2953 177.1295 795.8063 243.9824 1.4827 1.6312 3.5244 3.4258 1.4083 17.4671 -7.8236 4.4942
99 Car -1 -1 -7.9712 681.0366 176.3319 751.1688 228.0019 1.5264 1.7658 3.9448 3.4623 1.4036 22.8878 -7.8214 3.2737
99 Car -1 -1 -7.9289 659.5891 176.6260 698.6224 208.8121 1.4742 1.6178 3.3265 3.5039 1.2969 34.0697 -7.8257 1.8160
99 Car -1 -1 -7.9490 674.2538 176.3661 723.7527 215.8358 1.5269 1.6685 3.7252 3.7951 1.3673 29.2433 -7.8197 1.5802
100 Car -1 -1 -4.1971 237.4000 181.2462 341.0747 229.5062 1.5251 1.5892 3.7723 -10.7823 1.5532 24.3636 -4.6073 7.2026
100 Car -1 -1 -8.1628 755.8904 173.1777 950.0778 297.7458 1.5529 1.6359 3.6077 3.4269 1.4620 10.6209 -7.8576 6.1037
100 Car -1 -1 -8.2143 866.8522 181.4816 1223.0000 369.0000 1.4993 1.5711 3.4582 3.2475 1.5100 5.6454 -7.7143 5.5770
100 Car -1 -1 -8.0248 708.3482 178.1557 807.1750 248.8772 1.4710 1.6122 3.7171 3.4093 1.4226 16.5882 -7.8241 4.6537
100 Car -1 -1 -7.9809 682.7682 176.9902 757.3286 230.5913 1.5070 1.7578 3.9832 3.4200 1.4086 21.8940 -7.8265 3.1443
100 Car -1 -1 -7.9055 662.6945 177.3850 701.7599 209.1140 1.4100 1.6452 3.1904 3.5439 1.2718 33.0599 -7.7981 1.7456
100 Car -1 -1 -7.9471 675.8217 176.2034 725.6060 217.1552 1.5299 1.6186 3.7447 3.7384 1.3697 28.3168 -7.8157 1.2745
100 Car -1 -1 -4.4702 572.2320 175.9635 596.5648 190.2832 1.3653 1.5692 3.5763 -1.9676 0.9327 69.3300 -4.4968 0.0020
100 Car -1 -1 -4.8529 659.1009 169.3715 699.6825 198.2926 1.5045 1.6761 3.8883 4.0083 0.9257 38.7546 -4.7489 -1.2365
101 Car -1 -1 -8.1787 769.4500 172.8386 991.6777 312.5602 1.5471 1.6477 3.5831 3.4173 1.4627 9.6271 -7.8462 6.8289
101 Car -1 -1 -4.1783 206.0663 180.5891 321.8643 232.5566 1.5264 1.5959 3.8530 -10.8662 1.5298 22.7680 -4.6165 6.1670
101 Car -1 -1 -8.0366 714.4747 176.7611 822.2292 253.5323 1.4862 1.6262 3.6091 3.4008 1.4141 15.5158 -7.8234 5.2833
101 Car -1 -1 -8.3154 903.9660 177.5105 1223.0000 369.0000 1.5693 1.6200 3.3617 3.2551 1.5576 4.6419 -7.7335 4.6380
101 Car -1 -1 -7.9897 686.2445 175.1575 764.0095 231.5876 1.5079 1.7175 3.9077 3.3993 1.3655 20.8683 -7.8289 3.1463
101 Car -1 -1 -7.9339 662.7144 174.5598 704.6939 209.1084 1.4925 1.6382 3.2151 3.5103 1.2361 32.1764 -7.8246 2.2486
101 Car -1 -1 -7.9484 677.6972 175.1649 730.2805 216.9763 1.5045 1.6494 3.7731 3.7301 1.3128 27.3608 -7.8128 1.5157
101 Car -1 -1 -4.6090 567.6860 173.4393 589.5204 190.7402 1.5832 1.6280 4.2546 -2.4428 0.9369 66.8788 -4.6436 0.9297
101 Car -1 -1 -7.8796 658.8377 168.2118 693.2532 199.5465 1.5900 1.7248 4.4289 3.7629 0.9666 38.1493 -7.7804 -0.4249
102 Car -1 -1 -8.2200 783.6364 171.6579 1045.7043 330.5061 1.5437 1.6425 3.5467 3.4048 1.4582 8.6459 -7.8554 7.6206
102 Car -1 -1 -4.1337 167.6631 180.7250 300.4088 237.3944 1.5326 1.6311 3.8872 -10.9646 1.5402 21.1572 -4.6040 6.8868
102 Car -1 -1 -8.0545 720.7892 176.3651 837.4207 258.3016 1.4752 1.6044 3.5025 3.3788 1.4011 14.5009 -7.8287 5.7178
102 Car -1 -1 -8.0004 689.5130 174.3695 772.3784 233.9838 1.5141 1.7161 3.8694 3.3934 1.3587 19.9106 -7.8326 3.4271
102 Car -1 -1 -8.4039 963.0520 175.6640 1223.0000 369.0000 1.5412 1.6144 3.5499 3.2541 1.5299 3.5953 -7.7092 3.3102
102 Car -1 -1 -7.9282 662.8216 172.9567 705.9641 209.2837 1.5155 1.6338 3.4310 3.4305 1.2010 31.2398 -7.8182 2.5207
102 Car -1 -1 -7.9532 678.9717 174.7142 734.7246 217.9736 1.4976 1.6681 3.8849 3.7021 1.2976 26.4519 -7.8141 2.1194
102 Car -1 -1 -7.8772 662.0372 168.8345 697.5218 201.0724 1.5885 1.7402 3.9806 3.8336 1.0138 36.8928 -7.7728 0.7334
102 Car -1 -1 -4.5750 562.6303 172.5194 586.8766 190.7042 1.5981 1.6581 4.0362 -2.6957 0.8967 64.2261 -4.6150 0.6152
102 Car -1 -1 -7.9994 653.7376 172.9142 687.2847 197.5491 1.6174 1.7387 3.8779 4.4380 1.1194 48.4025 -7.9069 -2.1802
103 Car -1 -1 -8.2560 803.1393 173.0134 1122.0460 360.0262 1.5496 1.6593 3.5380 3.4050 1.4880 7.6312 -7.8498 7.4342
103 Car -1 -1 -4.0977 126.7485 181.9828 273.5089 243.1036 1.5110 1.6111 3.7745 -11.0417 1.5564 19.5382 -4.6035 6.1873
103 Car -1 -1 -8.0557 727.7788 177.6568 856.3879 265.4400 1.4562 1.6211 3.6799 3.3810 1.4094 13.5982 -7.8157 6.0096
103 Car -1 -1 -8.0011 694.0385 175.2029 780.7875 237.7851 1.4979 1.6998 3.7672 3.3693 1.3715 18.8307 -7.8253 3.5959
103 Car -1 -1 -7.9350 664.0792 174.9859 710.4600 211.4714 1.4713 1.6746 3.6723 3.4480 1.2492 30.3755 -7.8215 2.5823
103 Car -1 -1 -7.9457 683.0815 174.0362 741.0951 220.4312 1.5354 1.6916 3.8389 3.7288 1.3217 25.3609 -7.7998 2.3644
103 Car -1 -1 -8.6113 1040.8702 182.5793 1223.0000 369.0000 1.5591 1.6282 3.8623 3.2159 1.5724 2.3607 -7.7343 1.8280
103 Car -1 -1 -4.7647 662.7463 168.7740 701.3929 201.5228 1.5702 1.7345 4.0677 3.8470 1.0081 35.9786 -4.6573 1.4632
103 Car -1 -1 -4.6218 559.2136 172.1777 583.0079 191.5505 1.6296 1.6825 4.3316 -2.9051 0.9295 61.6788 -4.6670 0.8416
104 Car -1 -1 -8.2995 825.9586 173.9662 1223.0000 369.0000 1.5613 1.6422 3.6448 3.4055 1.5170 6.6669 -7.8445 6.8201
104 Car -1 -1 -4.0673 77.2325 184.2006 245.3923 252.5030 1.5205 1.5982 3.8376 -11.0849 1.6252 17.9451 -4.6110 6.1097
104 Car -1 -1 -8.0778 737.2204 179.4292 881.1157 276.6815 1.4737 1.6343 3.5139 3.3791 1.4578 12.4988 -7.8184 6.0329
104 Car -1 -1 -8.0150 697.0240 176.2845 792.1780 244.0721 1.5256 1.7261 3.7921 3.3496 1.4311 17.8282 -7.8309 3.9639
104 Car -1 -1 -7.9600 684.2880 176.5314 746.7828 223.5089 1.4893 1.6993 3.9622 3.6973 1.3637 24.4311 -7.8101 2.4470
104 Car -1 -1 -7.9490 664.5912 176.4297 713.5804 214.4262 1.4794 1.6717 3.5966 3.4003 1.3212 29.3444 -7.8332 2.2643
104 Car -1 -1 -4.5810 554.1107 174.7074 580.8522 193.3004 1.4920 1.6900 4.1404 -3.0744 1.0272 58.8705 -4.6312 1.3042
104 Car -1 -1 -2.3112 653.4683 168.5065 734.8224 204.5484 1.6263 1.6126 3.9781 4.1988 1.0853 33.9931 -2.1877 -1.2552
104 Car -1 -1 -8.0025 651.1778 175.9284 689.1593 202.9529 1.5055 1.6445 3.9259 3.7531 1.2509 41.3951 -7.9111 -1.4673
105 Car -1 -1 -4.0280 15.4186 185.7029 211.8369 262.4345 1.5344 1.6681 3.8180 -11.1793 1.6699 16.3874 -4.6160 6.8857
105 Car -1 -1 -8.3671 853.4189 177.0419 1223.0000 369.0000 1.5369 1.6546 3.6359 3.3843 1.5187 5.6380 -7.8490 5.6741
105 Car -1 -1 -8.0954 746.7339 181.6424 904.6531 289.2197 1.4709 1.5677 3.5509 3.3409 1.4928 11.5078 -7.8185 5.6080
105 Car -1 -1 -8.0264 702.2626 177.7088 803.4493 249.6589 1.5193 1.6930 3.7466 3.3395 1.4607 16.8215 -7.8323 3.8869
105 Car -1 -1 -7.9647 686.7838 177.3248 753.1956 227.4360 1.5194 1.7259 3.8902 3.6815 1.4234 23.4201 -7.8092 2.6760
105 Car -1 -1 -7.9316 667.3744 177.1456 716.6138 216.8531 1.4868 1.6662 3.6333 3.3927 1.3614 28.3245 -7.8121 2.6181
105 Car -1 -1 -4.5849 548.1809 176.6358 576.4786 196.2068 1.4959 1.6989 4.3846 -3.3461 1.2006 56.2906 -4.6423 1.1333
105 Car -1 -1 -7.8993 664.1632 171.7177 704.6388 207.9221 1.6276 1.7275 4.2949 3.7329 1.2329 33.9839 -7.7892 0.6378
