0 Car -1 -1 -6.9052 1032.9224 165.7402 1178.7479 207.6969 1.5264 1.6595 4.3225 18.7149 0.9897 26.5800 -6.2957 1.0903
0 Car -1 -1 -4.7959 475.5346 165.1371 512.0007 194.6975 1.5309 1.6431 4.0867 -6.1640 0.7354 38.7969 -4.9504 0.9692
0 Car -1 -1 -7.7948 497.1440 168.0280 526.4645 192.4121 1.4790 1.6037 4.0351 -5.8888 0.7226 44.9541 -7.9223 0.2285
0 Car -1 -1 -3.5712 502.0967 167.7805 549.5887 184.5207 1.5414 1.6490 4.1551 -7.4529 0.3701 66.8757 -3.6798 -1.5669
0 Car -1 -1 -4.7250 858.1444 213.9705 1214.2889 369.0000 1.2464 1.5080 3.9165 2.8631 1.5941 5.2475 -4.2486 -2.1338
1 Car -1 -1 -4.8123 474.3671 164.4232 512.5381 194.9330 1.5788 1.6674 4.1234 -6.1828 0.7470 38.7937 -4.9672 1.1778
1 Car -1 -1 -6.8604 1036.6156 167.3728 1183.1818 208.6709 1.4950 1.6673 4.2557 18.8023 1.0200 26.5047 -6.2475 0.9459
1 Car -1 -1 -4.7112 496.8494 167.3441 523.6190 192.0493 1.4925 1.6071 3.9563 -6.0011 0.6978 44.7806 -4.8416 -0.2023
1 Car -1 -1 -4.7640 880.1764 213.5364 1222.3357 369.0000 1.2919 1.4811 3.6920 2.8962 1.6313 5.2674 -4.2844 -1.7836
1 Car -1 -1 -4.8413 199.7546 165.2754 239.8575 194.5884 1.6661 1.6297 3.8978 -23.0555 0.8009 42.2442 -5.3359 -1.9868
2 Car -1 -1 -6.9104 1036.7471 167.8822 1175.9844 207.6066 1.4436 1.6181 4.0995 18.7119 0.9853 26.5386 -6.3003 1.2331
2 Car -1 -1 -4.8283 473.6022 164.9151 514.4006 195.3925 1.5733 1.7234 4.3412 -6.1624 0.7689 38.8206 -4.9826 1.1325
2 Car -1 -1 -4.6414 496.0754 164.3691 526.1807 191.3933 1.6349 1.6069 3.9321 -5.9096 0.6591 44.7847 -4.7698 0.1775
2 Car -1 -1 -4.6847 859.4639 206.4923 1205.0833 369.0000 1.4019 1.4981 3.6853 2.9256 1.6653 5.1828 -4.1947 -1.8005
2 Car -1 -1 -4.7168 593.7345 166.7121 616.0853 188.6479 1.5385 1.5677 3.6776 -0.0118 0.5715 51.4319 -4.7152 -2.0648
2 Car -1 -1 -4.9730 666.0762 162.3176 714.8740 195.0663 1.6788 1.6526 3.9591 4.5543 0.7469 38.3225 -4.8539 -2.1058
2 Car -1 -1 -7.9828 202.5068 167.7212 241.4654 195.4817 1.5770 1.6026 3.6012 -22.8411 0.8512 42.0958 -8.4749 -2.1524
3 Car -1 -1 -4.7537 478.6304 164.3695 513.8677 195.1690 1.5893 1.7346 4.2900 -6.0237 0.7571 38.7558 -4.9048 1.3760
3 Car -1 -1 -6.8377 1039.8282 167.3467 1187.1279 208.5104 1.4805 1.6345 4.2401 18.8391 1.0077 26.3756 -6.2215 1.1213
3 Car -1 -1 -4.6428 495.7502 164.4301 525.4747 191.3287 1.6226 1.5865 3.8672 -5.9230 0.6533 44.6294 -4.7720 0.1225
3 Car -1 -1 -5.0488 665.3800 161.3760 719.6259 195.5878 1.7450 1.6522 4.0641 4.6461 0.7697 38.2245 -4.9271 -1.8148
3 Car -1 -1 -2.0947 178.1471 168.8743 242.5782 197.1773 1.6073 1.6374 3.8441 -23.3804 0.9472 41.8470 -2.5991 -2.0392
3 Car -1 -1 -4.7524 606.7573 166.2043 630.6464 188.3569 1.5521 1.5860 3.8204 0.9674 0.5505 51.4625 -4.7319 -2.1838
4 Car -1 -1 -6.8467 1038.4749 166.9862 1181.7401 208.2888 1.4862 1.6376 4.1113 18.7089 1.0002 26.3618 -6.2336 1.6159
4 Car -1 -1 -4.7641 477.6755 164.0067 514.0184 195.4635 1.6200 1.7505 4.1741 -6.0265 0.7707 38.6324 -4.9158 0.9926
4 Car -1 -1 -4.7952 495.4074 165.2525 525.4174 191.3383 1.5673 1.5648 3.8123 -5.9974 0.6513 44.5103 -4.9264 0.2317
4 Car -1 -1 -8.0350 201.7990 171.5257 244.7844 198.6974 1.5465 1.6330 3.6807 -22.8148 1.0358 42.1897 -8.5258 -1.7803
5 Car -1 -1 -4.7792 477.4779 166.9944 513.4932 196.4427 1.5124 1.6771 3.9176 -6.0075 0.8189 38.4056 -4.9313 0.8375
5 Car -1 -1 -6.8882 1040.5924 164.7530 1184.2988 207.5263 1.5431 1.6354 4.1651 18.7932 0.9752 26.3469 -6.2726 0.2883
5 Car -1 -1 -4.6924 496.9552 165.3894 523.9783 192.6472 1.6408 1.6035 3.8787 -5.9282 0.7313 44.5766 -4.8219 0.2219
5 Car -1 -1 -4.7779 877.7871 216.8911 1223.0000 369.0000 1.2510 1.5075 3.7198 2.8496 1.6240 5.2334 -4.3025 -2.1713
6 Car -1 -1 -4.7438 481.0834 167.2110 513.6179 196.2926 1.4954 1.6300 3.7011 -5.8884 0.8122 38.3248 -4.8932 1.2245
6 Car -1 -1 -3.7259 1040.1230 160.9572 1190.7534 208.9416 1.7240 1.6961 4.3361 18.8757 1.0221 26.3243 -3.1079 0.4451
6 Car -1 -1 -4.4630 496.0970 167.7810 536.0687 192.6806 1.4989 1.5858 3.8744 -5.5623 0.7333 44.5853 -4.5844 0.0474
7 Car -1 -1 -4.7997 478.4605 166.9001 513.5790 196.1087 1.4954 1.5618 3.6631 -5.9371 0.7993 38.1637 -4.9509 1.1751
7 Car -1 -1 -3.8619 1033.1443 158.1804 1178.3523 210.4440 1.8804 1.7637 4.3856 18.7128 1.0776 26.5569 -3.2521 -0.0192
7 Car -1 -1 -8.0144 494.8054 169.1430 529.2224 193.9786 1.4935 1.5714 3.7601 -5.9035 0.8106 44.5454 -8.1434 -1.5093
7 Car -1 -1 -5.3028 504.1471 169.7777 539.8721 186.0947 1.5179 1.5852 3.7432 -7.9476 0.5203 67.7130 -5.4174 -1.7702
7 Car -1 -1 -4.8494 601.0159 168.2372 628.6905 188.8747 1.5571 1.6308 4.0605 0.7427 0.6319 55.4629 -4.8343 -2.0125
7 Car -1 -1 -7.7269 142.8667 168.7980 191.8571 200.5848 1.6375 1.7383 4.2180 -23.8914 1.0348 38.7033 -8.2745 -2.1785
8 Car -1 -1 -4.8090 478.5020 168.2844 513.2889 196.7993 1.4514 1.5084 3.5587 -5.9013 0.8298 37.8976 -4.9604 1.2091
8 Car -1 -1 -3.7358 1039.6056 164.8975 1192.7925 211.6349 1.6756 1.7050 4.4186 18.8537 1.1165 26.2551 -3.1172 0.9182
8 Car -1 -1 -4.8297 495.8952 168.2227 527.6550 193.2074 1.5007 1.5519 3.7770 -5.9097 0.7633 44.4888 -4.9590 -0.8838
8 Car -1 -1 -7.8097 45.1399 175.0424 87.4937 204.3639 1.5219 1.6496 4.1124 -29.5573 1.2388 38.8618 -8.4543 -1.8633
8 Car -1 -1 -4.6910 230.3099 168.2005 264.9811 199.2911 1.6709 1.6536 4.0939 -20.2771 1.0100 40.2018 -5.1531 -2.1812
9 Car -1 -1 -3.6900 1041.6161 164.3165 1204.2378 211.9415 1.6937 1.7297 4.6428 19.0299 1.1184 26.1836 -3.0657 1.0909
9 Car -1 -1 -4.8401 476.4174 169.7236 514.6057 198.2285 1.4435 1.5497 3.8040 -5.9201 0.8980 37.8486 -4.9922 0.7808
9 Car -1 -1 -8.0111 488.7872 171.6224 523.7367 195.8511 1.4467 1.5712 3.9686 -6.2412 0.9167 44.3459 -8.1482 -0.3989
9 Car -1 -1 -7.8910 231.7052 165.3549 260.5522 189.7523 1.6616 1.6957 4.0348 -25.5723 0.6302 50.3293 -8.3567 -1.5703
9 Car -1 -1 -6.0296 122.5926 176.7112 231.6677 210.9344 1.4563 1.5711 3.8699 -18.9140 1.2953 31.3806 -6.5657 -1.8391
9 Car -1 -1 -7.2960 521.3275 169.6885 555.4158 186.0118 1.5271 1.6241 3.5657 -6.3643 0.5155 68.1033 -7.3870 -2.0458
9 Car -1 -1 -3.1970 170.5014 168.2889 243.5677 194.4364 1.6439 1.6553 4.0871 -26.0129 0.8763 46.2438 -3.7047 -2.1645
10 Car -1 -1 -3.7154 1045.9824 166.7889 1208.4885 212.6432 1.6174 1.7223 4.6010 19.0036 1.1340 25.9241 -3.0871 1.4526
10 Car -1 -1 -4.8192 477.9925 168.6828 515.4305 197.6548 1.4568 1.5775 3.7420 -5.8113 0.8627 37.5615 -4.9696 0.7564
10 Car -1 -1 -8.0652 487.9532 170.8878 525.9730 195.6398 1.4778 1.5867 3.8631 -6.1912 0.9040 44.2997 -8.2013 -1.0173
10 Car -1 -1 -7.1262 523.9765 169.0863 561.6837 185.8526 1.5732 1.6340 3.6158 -5.9543 0.5021 68.2804 -7.2110 -1.5538
10 Car -1 -1 -3.8341 168.3941 167.4281 245.0690 195.1600 1.6924 1.7114 4.1469 -25.4858 0.8947 45.3911 -4.3409 -2.0142
10 Car -1 -1 -7.8621 235.0013 167.9760 269.3788 199.8320 1.7098 1.6682 4.0937 -20.0494 1.0377 40.1530 -8.3202 -2.0882
10 Car -1 -1 -7.6501 31.1947 167.4657 83.3796 195.6773 1.6025 1.6612 4.0762 -32.7416 0.8622 42.3587 -8.3026 -2.1154
11 Car -1 -1 -3.7505 1047.9497 162.7590 1210.8567 213.5300 1.7938 1.7512 4.6325 19.0760 1.1672 25.9056 -3.1200 0.9111
11 Car -1 -1 -4.7777 481.6604 168.7232 517.2130 197.7742 1.4502 1.6058 3.9714 -5.6454 0.8625 37.4056 -4.9244 0.6065
11 Car -1 -1 -6.7061 501.5962 168.1514 576.2921 195.3231 1.6183 1.6739 4.3103 -4.0914 0.8829 43.8971 -6.7965 -1.3789
11 Car -1 -1 -7.2519 527.4087 167.9568 565.2308 185.0584 1.5985 1.6310 4.0438 -5.6041 0.4259 68.2465 -7.3317 -2.0004
11 Car -1 -1 -3.6987 857.4926 168.5093 1223.0000 369.0000 1.5751 1.6392 3.8064 3.2826 1.5377 3.3653 -2.9698 -2.0889
11 Car -1 -1 -7.7687 43.4095 177.5003 89.2734 206.4759 1.5007 1.6365 4.1049 -29.4980 1.3455 38.7932 -8.4132 -2.1549
12 Car -1 -1 -3.7443 1057.1333 168.0854 1214.2072 213.7695 1.6025 1.7020 4.3851 19.1738 1.1672 25.7251 -3.1081 0.9992
12 Car -1 -1 -4.7565 483.1077 166.9874 516.9359 196.8829 1.4846 1.5943 3.7258 -5.5637 0.8137 37.0910 -4.9023 0.7008
12 Car -1 -1 -4.1694 529.2137 167.6937 562.7706 184.1069 1.5383 1.5674 3.6429 -5.6414 0.3379 68.2477 -4.2496 -0.9922
12 Car -1 -1 -8.1296 489.8123 171.1800 530.9488 195.9099 1.4606 1.5749 3.7137 -5.9069 0.9103 43.7778 -8.2610 -1.2956
12 Car -1 -1 -8.9743 876.0496 141.3041 1223.0000 369.0000 1.7241 1.6121 3.9292 4.2243 1.5347 5.5362 -8.3480 -1.8383
12 Car -1 -1 -2.6583 170.3353 170.8291 251.6386 198.2828 1.5776 1.6199 3.8596 -23.0762 1.0220 41.4777 -3.1610 -2.0285
13 Car -1 -1 -3.7427 1065.3392 166.1325 1223.0000 213.5530 1.6443 1.7227 4.5151 19.4015 1.1464 25.4793 -3.0964 1.4348
13 Car -1 -1 -4.8148 481.6387 168.7016 519.3858 197.6915 1.4266 1.5696 3.7543 -5.4996 0.8462 36.8066 -4.9600 0.8726
13 Car -1 -1 -4.7123 503.6522 168.1893 530.5291 193.7168 1.5134 1.5851 3.8132 -5.4621 0.7837 43.9058 -4.8334 -0.0211
13 Car -1 -1 -4.2244 530.5776 167.5998 562.7830 184.1437 1.5496 1.5875 3.6040 -5.5707 0.3412 68.1963 -4.3037 -1.6331
13 Car -1 -1 -9.0674 1022.1544 185.2280 1223.0000 369.0000 1.4766 1.5142 3.6330 5.1522 1.5238 5.0308 -8.2995 -2.1861
14 Car -1 -1 -3.7340 1066.5775 165.7918 1223.0000 213.4560 1.6416 1.7181 4.4817 19.3381 1.1353 25.3331 -3.0865 1.0622
14 Car -1 -1 -4.7926 484.0237 167.5026 520.6617 197.3794 1.4603 1.5776 3.8034 -5.3728 0.8252 36.5870 -4.9353 0.7072
14 Car -1 -1 -4.8609 500.5836 166.8981 535.0957 192.6362 1.5140 1.5556 3.9166 -5.4343 0.7140 43.6857 -4.9819 -0.2187
14 Car -1 -1 -7.4104 534.9808 168.0746 566.1923 184.1874 1.5109 1.6066 3.6115 -5.1995 0.3456 68.2737 -7.4843 -1.6686
14 Car -1 -1 -7.7642 445.2836 167.4479 467.8867 187.4722 1.7269 1.6215 3.8785 -13.1736 0.6012 62.9945 -7.9675 -2.1417
15 Car -1 -1 -4.7289 490.4616 167.7453 522.8111 197.8944 1.4608 1.5584 3.7642 -5.0866 0.8430 36.2383 -4.8653 0.7878
15 Car -1 -1 -3.6964 1089.9313 164.5828 1223.0000 211.6591 1.6022 1.6287 3.6901 19.5975 1.0607 25.0651 -3.0374 0.0076
15 Car -1 -1 -4.7663 507.3508 168.0879 537.0319 193.6925 1.5031 1.6069 3.9990 -5.1545 0.7746 43.6132 -4.8813 -0.9576
15 Car -1 -1 -4.6032 1059.3464 168.4317 1132.7472 217.6171 1.5166 1.6223 4.0339 16.5874 1.1448 23.8580 -4.0003 -1.9410
16 Car -1 -1 -4.7345 494.5736 167.1617 527.1154 197.9424 1.4779 1.5548 3.6707 -4.8339 0.8376 35.8804 -4.8654 0.7945
16 Car -1 -1 -3.7025 1091.6084 162.8827 1223.0000 211.5945 1.6338 1.6187 3.5630 19.3332 1.0432 24.6960 -3.0429 -0.1587
16 Car -1 -1 -8.0134 505.4780 169.4661 541.0142 194.6130 1.4680 1.5756 3.8358 -5.0600 0.8239 43.3334 -8.1270 -1.1870
16 Car -1 -1 -4.8107 419.6401 170.8368 449.6035 194.9411 1.5581 1.6011 3.8887 -11.5550 0.9335 47.8023 -5.0446 -1.5421
17 Car -1 -1 -4.7629 494.3285 165.7006 530.8287 198.0066 1.5329 1.6299 3.8460 -4.7152 0.8308 35.5860 -4.8916 1.0190
17 Car -1 -1 -4.7697 514.0431 166.4378 543.1862 192.4512 1.5064 1.5501 3.6897 -4.6775 0.6922 42.8897 -4.8757 -0.0508
17 Car -1 -1 -3.6262 1100.9561 167.0591 1223.0000 213.0712 1.5306 1.5920 3.5862 19.6415 1.0837 24.6299 -2.9577 -1.0449
17 Car -1 -1 -5.9624 127.0591 178.8279 235.3435 213.5921 1.4483 1.5482 3.7222 -18.2808 1.3789 30.6039 -6.4945 -2.1750
18 Car -1 -1 -4.7408 499.3705 166.6363 534.9312 199.1399 1.5225 1.6448 3.9372 -4.4369 0.8733 35.1882 -4.8633 1.0451
18 Car -1 -1 -4.6883 517.7748 165.5224 544.7457 191.7698 1.5089 1.5189 3.6733 -4.4096 0.6480 42.5363 -4.7890 -0.1645
18 Car -1 -1 -8.1625 1148.6903 154.6819 1223.0000 210.4720 1.8063 1.6095 3.7921 20.7820 0.9707 24.9516 -7.4727 -1.5698
19 Car -1 -1 -4.6960 501.0546 165.8005 535.8471 198.2972 1.5053 1.6043 3.7714 -4.2311 0.8246 34.7101 -4.8143 1.1373
19 Car -1 -1 -6.8741 1101.5581 168.5086 1223.0000 213.0869 1.4627 1.5782 3.8090 19.4172 1.0695 24.1410 -6.2016 0.1123
19 Car -1 -1 -4.7285 520.7029 164.9444 548.0162 191.8326 1.5334 1.5538 3.7842 -4.2631 0.6464 42.2917 -4.8263 0.0656
20 Car -1 -1 -4.7530 504.9289 164.6831 540.8513 197.8191 1.5084 1.5737 3.6837 -4.0267 0.7886 34.1266 -4.8675 0.7767
20 Car -1 -1 -7.1038 1112.1652 168.2037 1223.0000 214.0161 1.4792 1.6276 4.0985 19.6406 1.0824 23.9173 -6.4212 0.4338
20 Car -1 -1 -4.8534 523.1764 166.1440 557.5631 192.5258 1.4933 1.5314 3.6855 -3.8878 0.6808 41.9902 -4.9432 -0.8348
20 Car -1 -1 -7.6525 239.9567 159.9685 288.7142 190.7059 1.6128 1.6603 3.9578 -18.8364 0.5356 39.2180 -8.0951 -2.0289
20 Car -1 -1 -4.8001 632.0800 168.8090 658.4541 190.5074 1.5704 1.6318 4.0468 2.9981 0.7243 53.2206 -4.7424 -2.1260
21 Car -1 -1 -4.7125 506.5301 163.0922 544.1674 197.8297 1.5613 1.6861 4.1015 -3.8359 0.7791 33.9087 -4.8222 1.3011
21 Car -1 -1 -4.6090 526.7831 165.5745 560.4003 192.0590 1.4862 1.5725 3.8821 -3.5807 0.6487 41.6321 -4.6923 -0.0699
21 Car -1 -1 -6.9344 1124.0466 167.7517 1223.0000 212.2959 1.4171 1.6058 4.1824 19.8533 1.0118 23.3948 -6.2358 -0.5064
22 Car -1 -1 -4.7006 510.3383 164.3719 548.1472 197.8833 1.4797 1.6644 4.0490 -3.5609 0.7678 33.3127 -4.8042 1.2571
22 Car -1 -1 -4.6483 528.8013 164.8044 561.5635 192.0603 1.5121 1.6458 3.9466 -3.4517 0.6415 41.2119 -4.7294 -0.1320
22 Car -1 -1 -4.9400 1134.4963 164.3170 1223.0000 213.2819 1.5024 1.6129 4.0994 19.3452 1.0062 23.8919 -4.2642 -0.3862
22 Car -1 -1 -4.9754 551.6854 169.8262 582.7707 188.8507 1.4849 1.5627 3.8706 -3.0848 0.6517 57.2669 -5.0272 -2.1284
23 Car -1 -1 -4.7578 513.3769 164.6241 552.6118 198.1887 1.4592 1.6312 3.9838 -3.4167 0.7692 32.8283 -4.8586 1.2243
23 Car -1 -1 -6.9778 1148.8005 169.0805 1223.0000 215.2454 1.4308 1.5328 3.6991 19.8875 1.0771 22.7152 -6.2641 0.7306
23 Car -1 -1 -7.7104 531.4573 162.7872 570.0851 191.1678 1.5593 1.6627 4.0169 -3.0961 0.5862 40.9093 -7.7834 0.0688
23 Car -1 -1 -4.3619 0.0000 180.5065 57.3088 218.8217 1.4675 1.5462 3.8499 -24.3047 1.4680 29.1536 -5.0497 -0.9851
23 Car -1 -1 -7.3719 237.4313 156.5242 290.6824 182.6489 1.7390 1.6448 4.0170 -23.6049 0.1431 49.1043 -7.8154 -2.1412
24 Car -1 -1 -4.7338 519.4575 161.9606 557.0266 197.7417 1.5323 1.6072 3.9033 -3.1135 0.7386 32.3093 -4.8270 1.2686
24 Car -1 -1 -7.0965 1161.6309 169.3199 1223.0000 216.7294 1.4478 1.5835 3.9045 20.2197 1.1067 22.5517 -6.3710 1.2413
24 Car -1 -1 -4.5044 535.8874 167.2749 578.1678 194.5574 1.4807 1.6214 3.9695 -2.7016 0.7630 40.4529 -4.5687 0.0656
24 Car -1 -1 -7.5946 0.0000 177.7463 63.1326 215.1848 1.4763 1.5753 3.6368 -24.4083 1.3680 29.8630 -8.2728 -2.0365
25 Car -1 -1 -4.7340 523.8948 164.5157 561.7889 199.6104 1.4755 1.5922 3.6680 -2.8431 0.8037 31.6361 -4.8209 0.8199
25 Car -1 -1 -4.5859 540.4623 165.6133 578.0116 193.2302 1.4799 1.6156 4.0150 -2.5465 0.6823 39.9455 -4.6471 0.4982
25 Car -1 -1 -7.1471 1176.4906 168.2741 1223.0000 214.8290 1.3947 1.5702 3.9432 20.3996 1.0287 22.2095 -6.4097 0.3540
25 Car -1 -1 -4.8762 654.1477 166.9424 684.3165 189.4387 1.5980 1.6011 3.9033 4.7075 0.6350 52.2279 -4.7851 -1.8362
25 Car -1 -1 -4.9782 463.3297 171.7338 496.8232 191.7216 1.5253 1.6167 4.0444 -9.9445 0.8563 56.1316 -5.1509 -1.8552
26 Car -1 -1 -4.7339 524.5770 161.6022 563.6768 198.3248 1.5177 1.6153 3.8681 -2.7532 0.7369 31.2301 -4.8190 1.2208
26 Car -1 -1 -4.6538 544.3126 163.5537 578.8809 192.0949 1.5123 1.6799 4.1869 -2.3905 0.6145 39.5578 -4.7118 0.7474
26 Car -1 -1 -7.1246 1189.6151 169.2447 1223.0000 217.6647 1.4240 1.5755 3.8718 20.4553 1.0933 21.7575 -6.3757 -0.2183
26 Car -1 -1 -5.1708 458.8345 171.6712 500.2963 191.6373 1.5097 1.6007 4.0131 -9.8817 0.8421 55.5535 -5.3441 -1.8236
27 Car -1 -1 -4.7740 525.4637 164.9276 568.0555 200.6405 1.4503 1.6120 3.7205 -2.6032 0.8181 30.6700 -4.8558 1.2313
27 Car -1 -1 -4.6274 545.4582 162.0029 581.6147 191.0494 1.5111 1.6317 4.1252 -2.2415 0.5489 38.8683 -4.6826 0.4016
27 Car -1 -1 -6.7216 1196.3623 168.1071 1223.0000 220.0693 1.4432 1.5871 4.0155 20.3688 1.0993 21.0311 -5.9581 -0.9096
28 Car -1 -1 -4.7152 526.8958 161.1664 569.8098 198.9317 1.5034 1.7072 4.2027 -2.4563 0.7340 30.3101 -4.7933 1.1284
28 Car -1 -1 -4.6548 546.0120 163.3104 581.3989 193.3327 1.5430 1.6794 4.0364 -2.2048 0.6597 38.3597 -4.7099 0.4171
29 Car -1 -1 -4.7171 526.9390 161.3560 569.8712 201.4442 1.5606 1.6704 4.0767 -2.4044 0.8156 29.6262 -4.7953 0.9137
29 Car -1 -1 -4.5735 544.8666 166.0432 583.2916 196.0244 1.5196 1.5464 3.6809 -2.1516 0.7870 37.7363 -4.6282 0.0462
29 Car -1 -1 -7.5944 0.0000 171.2129 62.4770 209.4337 1.4740 1.5758 3.7005 -23.9977 1.1161 29.2784 -8.2738 -1.9077
30 Car -1 -1 -4.6949 525.5377 166.2641 567.8290 204.6967 1.4649 1.6099 3.5591 -2.3648 0.9225 28.7755 -4.7741 1.3926
30 Car -1 -1 -4.7239 546.5498 166.9393 578.2364 196.3215 1.4613 1.5757 3.9030 -2.2771 0.7870 37.1659 -4.7827 0.3881
30 Car -1 -1 -7.5275 72.4514 161.0171 142.5422 197.5779 1.7954 1.7307 4.1664 -25.9134 0.8388 36.9622 -8.1330 -1.4030
31 Car -1 -1 -4.6910 518.1260 166.8983 560.5523 206.7482 1.4839 1.5768 3.7104 -2.6043 0.9776 28.2320 -4.7801 1.6313
31 Car -1 -1 -4.6700 542.4639 168.7363 574.7373 199.5381 1.5110 1.5064 3.5535 -2.3702 0.9341 36.4764 -4.7325 1.0467
32 Car -1 -1 -4.6806 510.0750 166.2367 554.3649 207.6903 1.5072 1.5927 3.8228 -2.8153 0.9888 27.6669 -4.7790 1.4822
32 Car -1 -1 -4.6735 536.5275 167.9250 569.9318 199.8474 1.5385 1.5448 3.6799 -2.6055 0.9326 35.9396 -4.7434 0.5248
33 Car -1 -1 -4.7237 502.6989 166.2734 547.9988 208.5069 1.4937 1.5986 3.5085 -3.0705 0.9908 26.8458 -4.8344 1.4697
33 Car -1 -1 -4.6662 526.1856 167.6269 561.3233 198.9194 1.4781 1.5706 3.6722 -3.0269 0.8702 35.2607 -4.7492 0.3600
34 Car -1 -1 -4.6562 514.4010 164.5152 552.4356 197.7305 1.5363 1.6237 4.1068 -3.4853 0.7971 34.7868 -4.7533 1.4239
34 Car -1 -1 -4.7019 489.9854 164.9976 538.7977 208.5763 1.4967 1.6697 3.7253 -3.3651 0.9645 26.2286 -4.8261 1.1154
35 Car -1 -1 -4.6258 481.0402 165.3561 532.5597 209.2525 1.4712 1.5343 3.4266 -3.5019 0.9639 25.4441 -4.7589 1.3020
35 Car -1 -1 -4.6473 503.5847 164.4634 542.2801 198.4277 1.5445 1.5921 3.9901 -3.9324 0.8154 34.1826 -4.7589 0.7137
35 Car -1 -1 -7.1810 1203.7913 169.1445 1223.0000 223.7415 1.4816 1.6282 3.9927 19.6650 1.1737 20.2596 -6.4168 -1.8001
36 Car -1 -1 -4.6914 466.0110 166.3861 516.3561 211.2485 1.4573 1.6230 3.6689 -3.9907 0.9991 24.8941 -4.8464 1.8594
36 Car -1 -1 -4.6869 494.1042 167.4595 529.1500 202.4360 1.5541 1.5356 3.5997 -4.3709 0.9749 33.2856 -4.8144 -0.0297
36 Car -1 -1 -7.0543 1191.0002 170.2501 1223.0000 223.9080 1.4465 1.5963 4.2099 19.1954 1.1705 19.8796 -6.2929 -0.8170
36 Car -1 -1 -7.3563 150.6628 165.7075 207.6436 189.5149 1.5306 1.6052 3.8798 -28.4880 0.5796 47.4263 -7.8924 -2.1787
37 Car -1 -1 -4.6862 451.3990 165.9787 500.6429 212.9071 1.4771 1.5336 3.5478 -4.3754 1.0203 24.1222 -4.8614 1.7019
37 Car -1 -1 -7.0433 1178.1724 172.0560 1223.0000 223.5113 1.4060 1.6032 4.0151 18.9405 1.1756 20.1450 -6.2950 0.5082
37 Car -1 -1 -4.6200 474.0570 165.8140 517.9840 205.0743 1.7088 1.6384 4.0416 -5.0193 1.0698 32.8372 -4.7685 0.4915
38 Car -1 -1 -4.6891 434.3152 166.6317 487.8971 214.8589 1.4642 1.6054 3.6443 -4.7402 1.0435 23.3996 -4.8844 1.9811
38 Car -1 -1 -4.6591 463.5609 167.5268 502.8146 203.4242 1.5271 1.5448 3.7161 -5.4846 0.9754 32.0121 -4.8253 0.5869
38 Car -1 -1 -7.0381 1169.3540 167.9944 1223.0000 221.0712 1.4312 1.5959 4.1243 18.5245 1.0943 19.8866 -6.2945 0.2679
38 Car -1 -1 -8.3706 489.3175 168.4294 522.9001 184.7272 1.5291 1.5862 3.7186 -9.5515 0.3965 68.2936 -8.5071 -0.7058
38 Car -1 -1 -3.5633 996.0718 165.4733 1133.2501 210.1792 1.5693 1.6173 3.8914 16.7050 1.0421 25.9052 -2.9945 -1.9559
39 Car -1 -1 -4.7088 415.0325 164.7553 470.7223 214.6501 1.4485 1.5895 3.6595 -5.1716 0.9917 22.4841 -4.9298 1.9089
39 Car -1 -1 -4.6858 444.3578 162.6213 484.0244 199.7388 1.5354 1.6050 4.0089 -6.2096 0.7961 31.3573 -4.8774 1.0641
39 Car -1 -1 -7.1614 1151.1528 165.2989 1223.0000 220.2247 1.4813 1.6254 4.1581 18.1115 1.0717 20.1897 -6.4364 0.7864
39 Car -1 -1 -4.9022 579.9877 166.0508 614.4556 190.0964 1.5613 1.6094 4.0278 -0.5751 0.6232 48.0438 -4.9123 -1.4761
40 Car -1 -1 -4.6765 394.5574 161.0812 452.5628 215.6670 1.5157 1.5623 3.8131 -5.5116 0.9768 21.6595 -4.9202 1.5197
40 Car -1 -1 -4.6324 421.2272 159.4761 467.4041 199.8556 1.6228 1.6141 3.9698 -6.8870 0.7781 30.4922 -4.8504 0.7466
40 Car -1 -1 -3.9961 1133.9836 162.9168 1223.0000 224.9489 1.6665 1.6733 4.2225 17.6212 1.1945 20.1216 -3.2832 0.0409
40 Car -1 -1 -8.0173 467.5440 162.5063 490.8992 180.0813 1.6335 1.6276 3.7250 -12.0695 -0.0415 67.8407 -8.1907 -1.8178
40 Car -1 -1 -4.4220 342.5524 170.4307 384.4710 194.1908 1.5228 1.5907 3.9041 -16.0970 0.8775 47.2921 -4.7462 -1.8439
40 Car -1 -1 -7.5914 445.5854 167.8213 498.8978 200.6508 1.4788 1.6167 3.5650 -6.2827 0.9079 33.6924 -7.7722 -2.0993
41 Car -1 -1 -4.6692 369.2329 164.4340 432.2393 219.4193 1.4604 1.5941 3.7036 -5.9478 1.0340 20.7633 -4.9422 1.7719
41 Car -1 -1 -4.6301 402.1266 164.2260 450.2687 204.4734 1.5701 1.6136 4.0963 -7.4720 0.9355 29.7335 -4.8719 1.1161
41 Car -1 -1 -3.9892 1120.6556 160.3554 1223.0000 225.0438 1.7375 1.6922 4.3836 17.3238 1.1967 20.1415 -3.2851 0.4817
41 Car -1 -1 -4.8514 549.2769 167.5454 581.2974 192.0919 1.5724 1.6039 4.0074 -2.7072 0.7426 47.4132 -4.9063 -1.8835
42 Car -1 -1 -4.7065 348.6179 164.8495 410.6583 223.0113 1.4708 1.5140 3.3117 -6.2850 1.0754 19.6853 -5.0090 2.2883
42 Car -1 -1 -4.6322 377.0576 162.3508 427.7572 206.6009 1.6768 1.6502 4.1614 -8.2555 0.9893 28.9925 -4.9048 1.3914
42 Car -1 -1 -4.0093 1101.4283 158.3797 1223.0000 227.9885 1.8604 1.7375 4.3768 16.7384 1.2695 20.1441 -3.3222 0.6018
42 Car -1 -1 -7.9070 426.5606 169.6094 446.3359 186.0222 1.5095 1.6263 3.9633 -16.0106 0.5078 67.1585 -8.1381 -1.2143
43 Car -1 -1 -4.7253 318.8993 165.9463 386.7914 227.3028 1.4707 1.5577 3.7371 -6.8101 1.1222 18.9702 -5.0627 1.7741
43 Car -1 -1 -7.1322 1080.6899 164.8904 1223.0000 229.1257 1.7249 1.7235 4.3007 16.1465 1.3060 20.2211 -6.4644 1.1412
43 Car -1 -1 -4.6448 349.2939 165.1482 400.3598 209.3856 1.6183 1.6269 4.2110 -9.0966 1.0570 28.1048 -4.9526 1.0977
43 Car -1 -1 -4.7830 510.3997 169.0055 538.4159 194.1295 1.5866 1.5748 3.8025 -5.3572 0.8608 46.6634 -4.8947 -2.0892
44 Car -1 -1 -4.7599 286.4485 169.3000 360.8954 233.5461 1.4477 1.5888 3.5591 -7.2245 1.1957 17.8812 -5.1358 1.6960
44 Car -1 -1 -4.5945 315.3507 168.7033 375.1194 213.4465 1.5758 1.6457 4.1948 -9.9024 1.1606 27.1293 -4.9389 1.4926
44 Car -1 -1 -3.9122 1051.1892 164.7703 1223.0000 230.9454 1.7986 1.7018 4.3726 15.4316 1.3714 20.3393 -3.2691 0.9352
44 Car -1 -1 -2.4129 343.1726 171.9481 391.1633 189.6781 1.5841 1.6741 4.0962 -21.7634 0.8199 64.7535 -2.7340 -1.9841
45 Car -1 -1 -4.7728 248.1745 168.3764 330.7468 239.3378 1.4957 1.5864 4.0057 -7.7326 1.2405 17.0466 -5.1898 1.8583
45 Car -1 -1 -3.9499 1024.3546 162.7843 1213.9874 232.4838 1.8947 1.7907 4.5984 14.8315 1.4134 20.5303 -3.3301 0.9747
45 Car -1 -1 -4.6435 280.9044 169.0911 338.3588 214.0503 1.5169 1.6420 4.2551 -10.8556 1.1323 26.1339 -5.0310 0.8005
46 Car -1 -1 -4.8032 201.6915 170.9367 295.1440 247.8040 1.5039 1.5524 3.6040 -8.0739 1.3172 15.7743 -5.2663 1.9925
46 Car -1 -1 -4.6284 239.1944 169.0366 301.5299 216.1406 1.5251 1.6300 4.1338 -11.8202 1.1542 25.1138 -5.0615 1.5483
46 Car -1 -1 -3.9222 989.7922 165.2385 1172.8547 232.3904 1.8431 1.7652 4.5344 13.8619 1.4245 20.7139 -3.3380 1.1608
46 Car -1 -1 -4.6239 299.6393 173.9736 324.3287 191.6784 1.5257 1.6807 3.9517 -26.0813 0.9632 63.0658 -5.0125 -1.5027
46 Car -1 -1 -5.7838 1061.8718 154.0776 1179.8536 190.4188 1.6038 1.6594 4.2265 24.2676 0.4379 33.4676 -5.1593 -1.8442
47 Car -1 -1 -4.7640 152.6143 173.4311 249.5956 254.1069 1.4538 1.5702 3.5993 -8.5014 1.3268 14.6816 -5.2777 1.9893
47 Car -1 -1 -3.9308 954.5514 170.9891 1138.6262 234.7625 1.7627 1.7746 4.8100 13.0236 1.5001 20.9738 -3.3804 1.4192
47 Car -1 -1 -4.6293 189.3947 172.8814 258.0069 222.4483 1.5185 1.6597 4.3042 -12.8461 1.2854 23.9659 -5.1140 1.0573
47 Car -1 -1 -4.8956 253.2097 176.4646 282.3962 195.4665 1.5917 1.6144 3.8729 -29.2282 1.2536 61.2706 -5.3370 -1.6703
48 Car -1 -1 -4.8083 91.6691 174.3549 209.2260 263.3291 1.4693 1.5741 3.7575 -8.9003 1.3682 13.6420 -5.3738 1.8093
48 Car -1 -1 -3.9272 921.8080 167.1033 1097.6326 234.6104 1.8732 1.7924 4.6721 12.0183 1.5017 21.1118 -3.4146 0.9895
48 Car -1 -1 -4.6237 137.5873 173.5023 211.4156 225.9908 1.5271 1.6369 4.1191 -13.7910 1.3238 22.7822 -5.1601 0.4469
48 Car -1 -1 -2.1662 191.4005 177.1647 238.9966 196.9357 1.6125 1.6468 3.8146 -32.6691 1.3404 59.2712 -2.6660 -1.4442
49 Car -1 -1 -3.9360 884.2845 163.7417 1052.2471 231.3466 1.8854 1.7618 4.6465 10.8941 1.4183 21.2969 -3.4676 0.7801
49 Car -1 -1 -4.8323 23.9876 174.5816 160.5591 271.5193 1.4583 1.5559 3.6193 -9.1899 1.3697 12.4979 -5.4524 0.2039
49 Car -1 -1 -4.6314 73.3962 172.5788 153.7740 229.3508 1.5460 1.6291 4.1984 -14.8411 1.3306 21.4826 -5.2272 -0.2681
49 Car -1 -1 -4.2701 266.0363 171.4150 334.0493 204.8971 1.5801 1.6226 3.8284 -15.1597 1.1515 35.3139 -4.6705 -1.3669
49 Car -1 -1 -7.6658 152.1210 177.2016 186.2372 197.9166 1.6319 1.6400 4.0257 -35.6100 1.3720 57.8736 -8.2133 -1.9748
50 Car -1 -1 -3.8932 845.8398 162.2811 1014.4192 230.7614 1.9180 1.7958 4.6832 9.7939 1.4080 21.4044 -3.4681 0.6419
50 Car -1 -1 -4.6276 1.8477 172.4406 92.8832 233.0294 1.5290 1.6293 4.2175 -15.7151 1.3259 20.0576 -5.2827 0.3296
50 Car -1 -1 -4.8897 0.0000 176.9711 113.0489 282.6060 1.4330 1.5254 3.6045 -9.3824 1.3856 11.3522 -5.5648 -0.3193
50 Car -1 -1 -4.7559 248.4195 175.4259 280.6086 202.1665 1.4457 1.5079 3.4265 -19.3453 1.1715 40.0913 -5.2006 -0.9225
50 Car -1 -1 -5.9213 66.3983 177.0701 129.2829 198.1080 1.5824 1.6043 3.5991 -38.9696 1.3244 54.4136 -6.5384 -1.7789
51 Car -1 -1 -4.8307 0.0000 182.7090 51.6753 303.8640 1.4227 1.5928 3.9162 -9.5368 1.4611 10.2626 -5.5622 -0.2926
51 Car -1 -1 -7.7424 0.0000 171.2797 31.1435 232.0480 1.4759 1.6513 4.1377 -17.0167 1.2523 19.3463 -8.4538 -0.5029
51 Car -1 -1 -3.9858 813.0375 156.8592 967.1818 228.7006 1.9914 1.7614 4.5474 8.6200 1.3364 21.4057 -3.6065 -0.6513
51 Car -1 -1 -8.2329 1090.0774 153.8393 1153.7577 191.1798 2.2218 1.7496 4.2812 32.3213 0.6356 44.3604 -7.6050 -1.9274
51 Car -1 -1 -4.6707 34.5370 181.9302 65.7083 203.8939 1.5631 1.6458 4.0241 -41.3158 1.6740 52.7107 -5.3309 -2.0867
52 Car -1 -1 -4.0681 780.1700 160.8269 924.4662 229.1535 1.8780 1.7490 4.5570 7.5152 1.3376 21.4311 -3.7338 -0.8590
52 Car -1 -1 -4.2596 940.9096 172.9640 1018.9445 208.0827 1.5599 1.6522 4.0360 17.6474 1.2254 33.2658 -3.7743 -2.1094
52 Car -1 -1 -8.3430 1044.5250 153.4549 1108.3634 185.7543 1.9784 1.7008 4.0356 30.1696 0.3219 45.3971 -7.7580 -2.1253
53 Car -1 -1 -4.7316 1048.9061 154.5022 1077.7557 180.7882 1.7955 1.6387 3.9338 32.6282 0.0197 50.3992 -4.1583 -1.8927
53 Car -1 -1 -7.8059 99.4245 172.7487 136.9352 198.7435 1.5639 1.7349 4.2728 -30.8016 1.0977 44.8139 -8.4029 -2.1649
54 Car -1 -1 -3.9619 703.6473 157.6906 848.8069 226.7398 1.8678 1.7054 4.3296 5.1051 1.2511 21.0305 -3.7255 -1.0932
54 Car -1 -1 -4.7084 36.7378 170.7857 73.2157 200.6290 1.6854 1.6475 4.1103 -32.6969 1.1369 42.0654 -5.3637 -1.3000
55 Car -1 -1 -3.9803 667.1811 156.6943 816.6959 229.1075 1.9286 1.7602 4.5340 4.0806 1.2949 20.9003 -3.7886 0.1085
55 Car -1 -1 -4.4147 1162.3722 168.7792 1216.2407 192.9371 1.5694 1.6759 4.1227 39.4909 0.8080 47.7696 -3.7255 -0.5881
56 Car -1 -1 -4.4655 1101.6566 172.9756 1147.7266 196.1635 1.5415 1.6537 3.9678 35.9651 1.0413 48.9049 -3.8329 -0.8184
56 Car -1 -1 -4.0344 631.2920 158.0823 774.5683 231.1562 1.9064 1.7485 4.4153 2.9027 1.3219 20.5935 -3.8948 -1.4489
57 Car -1 -1 -3.9701 593.6448 159.2038 746.3570 233.5713 1.9195 1.7732 4.5629 1.9345 1.3701 20.4358 -3.8755 -0.1898
57 Car -1 -1 -4.3108 1044.0409 174.7417 1095.9120 197.7682 1.5519 1.6577 3.8563 32.5078 1.1638 49.4113 -3.7303 -0.2162
58 Car -1 -1 -3.9717 545.1614 162.6407 698.5922 239.8418 1.9316 1.7383 4.4875 0.5456 1.4850 19.9067 -3.9431 -0.7151
58 Car -1 -1 -4.5563 996.2360 178.7491 1030.8059 200.7720 1.5016 1.5717 3.6999 28.9943 1.3822 50.1412 -4.0332 -0.8741
58 Car -1 -1 -4.2235 709.9432 176.7058 784.2338 210.9380 1.5647 1.7122 4.3585 6.9822 1.3914 34.5449 -4.0243 -1.5514
58 Car -1 -1 -7.1534 675.8898 170.3933 742.1570 201.0939 1.5690 1.5817 3.5778 5.5901 1.0527 37.9124 -7.0066 -1.8221
59 Car -1 -1 -4.4774 944.9143 180.0274 986.5239 202.3342 1.5300 1.7054 4.3083 25.8921 1.4976 50.6865 -4.0062 -0.1433
59 Car -1 -1 -4.7147 1197.0013 181.5040 1223.0000 226.1746 1.5209 1.6498 4.1014 23.0739 1.5614 26.2569 -3.9982 -0.6194
59 Car -1 -1 -7.9686 1210.2546 196.6614 1223.0000 310.8037 1.4697 1.6142 3.8409 11.2079 1.7838 11.7007 -7.2168 -0.6305
59 Car -1 -1 -3.9774 504.3632 164.7536 660.0186 242.3838 1.8848 1.7471 4.4216 -0.5437 1.5028 19.4132 -4.0033 -0.7461
59 Car -1 -1 -4.1690 814.5667 178.7584 873.4335 204.6905 1.5443 1.6341 4.0149 14.9020 1.4407 44.0250 -3.8432 -1.9125
59 Car -1 -1 -5.3237 1140.6503 195.1578 1223.0000 369.0000 1.6193 1.6934 4.2715 7.4658 1.8132 7.0764 -4.5324 -1.9447
59 Car -1 -1 -6.8348 342.4001 180.6474 491.8799 232.9885 1.5056 1.6906 4.3537 -5.9110 1.5110 22.5037 -7.0865 -2.1774
60 Car -1 -1 -8.0017 1158.3861 195.5331 1223.0000 301.9416 1.4555 1.5591 3.6209 10.6968 1.7559 12.1685 -7.2921 1.8447
60 Car -1 -1 -4.4122 895.2513 180.3701 938.4830 203.8653 1.6175 1.7310 4.0231 22.4209 1.6086 50.7629 -3.9971 0.2691
60 Car -1 -1 -4.7465 1142.7145 182.7084 1203.4988 226.2128 1.5167 1.6386 4.0505 21.5573 1.6078 26.9797 -4.0767 -0.2096
60 Car -1 -1 -4.8619 1168.4474 184.5074 1223.0000 260.3055 1.4729 1.6470 4.1943 14.2001 1.5775 16.1861 -4.1500 -0.6152
60 Car -1 -1 -3.9712 462.5503 163.0292 626.6651 244.7696 1.9248 1.7774 4.5391 -1.5178 1.5138 18.9844 -4.0480 -1.0698
61 Car -1 -1 -7.9884 1114.5055 190.7906 1223.0000 292.1468 1.4525 1.5386 3.3029 9.9544 1.6585 12.3135 -7.3197 2.4007
61 Car -1 -1 -8.0391 1110.3629 186.5505 1223.0000 257.9797 1.4612 1.6862 4.2452 13.5930 1.6274 17.1207 -7.3756 0.7173
61 Car -1 -1 -7.8690 1088.3435 180.6117 1140.8639 222.1363 1.5059 1.5720 3.9192 19.8734 1.5108 27.7106 -7.2508 0.5666
61 Car -1 -1 -4.4332 847.4125 175.9633 889.6889 198.4624 1.5428 1.7197 4.3238 18.9486 1.2317 50.7332 -4.0762 0.0989
61 Car -1 -1 -3.9755 408.5560 160.5668 582.3967 247.7639 1.9543 1.7542 4.6360 -2.6936 1.5079 18.2582 -4.1178 -1.0889
62 Car -1 -1 -7.9988 1073.9121 191.9434 1223.0000 292.9678 1.4341 1.5605 3.4486 9.2787 1.6649 12.3533 -7.3654 2.0241
62 Car -1 -1 -7.9893 1068.1223 182.9383 1186.3168 252.9710 1.4907 1.7379 4.1370 12.6524 1.5589 17.4403 -7.3688 0.8395
62 Car -1 -1 -4.3220 800.7559 176.7685 846.2601 199.6796 1.5622 1.6895 4.0250 15.5779 1.3078 50.2996 -4.0219 0.7914
62 Car -1 -1 -7.7170 1038.5562 179.7341 1103.4324 220.4795 1.5049 1.6275 4.1222 18.6060 1.4768 28.2023 -7.1375 0.0823
62 Car -1 -1 -4.9297 1039.5463 180.1040 1100.6198 214.4775 1.4457 1.5130 3.6620 20.7547 1.4293 31.7184 -4.3533 -0.9075
62 Car -1 -1 -4.8013 1079.7085 171.0892 1113.2512 193.3775 1.5088 1.5888 3.9632 34.6907 0.8718 49.9783 -4.1960 -1.4640
62 Car -1 -1 -7.9768 1031.7501 178.6791 1072.9600 206.1485 1.5585 1.6020 3.8588 26.6305 1.4553 42.2015 -7.4158 -1.5630
62 Car -1 -1 -4.1868 604.5896 177.5959 669.6156 208.8913 1.5110 1.6235 3.8218 1.6788 1.3710 36.1841 -4.1392 -1.8912
62 Car -1 -1 -3.9814 358.3554 158.6806 536.6884 249.8351 1.9535 1.7487 4.4759 -3.7567 1.4862 17.5269 -4.1871 -2.1102
63 Car -1 -1 -8.0006 1034.3265 192.0968 1180.4355 293.5872 1.4489 1.5371 3.2979 8.5231 1.6813 12.3284 -7.4062 2.2465
63 Car -1 -1 -7.9838 1028.5841 184.8038 1137.2729 254.2079 1.4714 1.6463 4.0790 11.5887 1.5913 17.4562 -7.4046 1.8372
63 Car -1 -1 -7.9004 996.9467 180.4001 1047.2778 219.7159 1.4791 1.5609 3.5812 16.7448 1.4756 28.5487 -7.3733 1.3364
63 Car -1 -1 -4.3436 755.4660 175.9541 801.8820 198.7769 1.5392 1.7480 4.3110 12.3116 1.2327 49.9523 -4.1018 1.0745
63 Car -1 -1 -7.9657 986.1312 182.1035 1024.5367 208.2798 1.5101 1.6120 3.7678 24.3326 1.6125 43.0887 -7.4533 -1.1734
63 Car -1 -1 -3.9351 965.2879 176.2451 1064.9955 209.7222 1.4829 1.6252 4.0338 18.8961 1.2946 32.6432 -3.4130 -2.0896
64 Car -1 -1 -8.0041 997.1726 191.7588 1144.6588 295.1709 1.4627 1.5649 3.4469 7.8626 1.6892 12.3053 -7.4457 2.6122
64 Car -1 -1 -7.9966 985.8141 185.3214 1095.5901 254.2134 1.4617 1.6763 4.2192 10.6202 1.5974 17.5882 -7.4598 1.5877
64 Car -1 -1 -7.8212 955.5305 182.2608 1000.9442 220.4273 1.4451 1.5372 3.3828 15.2059 1.5216 28.7910 -7.3383 1.4306
64 Car -1 -1 -4.3644 712.9433 175.9856 756.8738 200.7568 1.6452 1.6898 4.1521 9.0771 1.3454 49.1779 -4.1814 1.3978
64 Car -1 -1 -4.7000 1050.1792 173.5790 1089.2115 204.6259 1.5480 1.6466 4.0045 24.5562 1.2031 37.3740 -4.1210 -1.6418
64 Car -1 -1 -4.9544 1015.6006 164.1741 1065.7806 194.5896 1.7766 1.6743 4.1226 26.7287 0.8231 43.5170 -4.4052 -1.9692
65 Car -1 -1 -8.0268 958.5353 191.8091 1108.5374 295.9344 1.4640 1.5696 3.4516 7.1699 1.6904 12.2411 -7.5067 2.2143
65 Car -1 -1 -7.8854 915.4399 180.8974 960.2162 219.1640 1.4698 1.5378 3.3816 13.5901 1.4874 29.0525 -7.4506 1.8761
65 Car -1 -1 -8.0104 946.1769 185.2769 1056.3790 255.4815 1.4949 1.6970 4.2052 9.6616 1.6296 17.6280 -7.5151 1.5805
65 Car -1 -1 -4.3626 669.3542 176.3573 713.8186 201.3818 1.6316 1.7172 4.0875 5.9590 1.3615 48.3099 -4.2391 1.5422
65 Car -1 -1 -8.3145 883.6058 181.0315 937.9193 207.1040 1.5600 1.6323 3.7100 19.0713 1.5948 44.2780 -7.9089 -0.9999
65 Car -1 -1 -3.9193 161.1629 157.9755 398.6779 263.6790 1.8711 1.7608 4.6285 -6.6332 1.4727 14.9910 -4.3263 -1.4886
65 Car -1 -1 -4.8071 960.1330 174.5679 991.5240 198.2207 1.5580 1.5649 3.5865 25.4064 1.1673 48.5278 -4.3259 -1.7539
65 Car -1 -1 -4.7864 1183.8446 169.2403 1223.0000 205.6695 1.5659 1.6102 4.0669 27.7816 1.0821 32.5098 -4.0825 -1.8541
65 Car -1 -1 -4.6995 906.0635 179.5419 943.8785 211.4755 1.5463 1.6848 4.2930 16.5319 1.5000 36.5379 -4.2763 -1.9185
65 Car -1 -1 -4.6462 897.9509 179.3597 924.6072 200.6089 1.5867 1.6431 4.0151 23.8401 1.5016 54.9584 -4.2375 -2.1301
66 Car -1 -1 -8.0372 926.9493 191.4049 1080.8271 296.7228 1.4525 1.5888 3.4984 6.5430 1.6681 12.0526 -7.5494 2.3473
66 Car -1 -1 -7.9922 911.3062 186.1535 1012.4622 255.0012 1.4566 1.6252 4.1191 8.6491 1.6148 17.5317 -7.5395 2.0653
66 Car -1 -1 -4.2906 626.6862 176.1557 675.9993 200.9410 1.5749 1.6776 4.2796 3.1431 1.2989 47.2106 -4.2230 1.1469
66 Car -1 -1 -7.7107 871.6779 181.4560 926.1520 220.1106 1.4827 1.5616 3.8179 12.1848 1.5252 29.2611 -7.3184 0.7597
66 Car -1 -1 -7.6827 875.1412 179.4018 923.8925 211.7891 1.4665 1.5761 3.6116 14.1638 1.4169 33.9613 -7.2893 -0.6217
66 Car -1 -1 -7.7918 869.2889 179.9742 904.8849 208.3403 1.5012 1.6189 3.8127 15.7752 1.4735 39.4872 -7.4130 -1.1298
66 Car -1 -1 -4.7783 851.9860 178.8179 876.6661 199.6997 1.5796 1.5735 3.6391 20.3109 1.4523 55.4511 -4.4275 -1.4871
66 Car -1 -1 -7.8508 859.5234 180.7262 888.3146 205.7759 1.5120 1.6361 3.8287 17.0264 1.5270 44.7935 -7.4884 -1.5505
66 Car -1 -1 -3.8696 85.3163 154.8591 353.3540 271.5893 1.9240 1.7590 4.6835 -7.4141 1.5017 14.1550 -4.3411 -1.8765
67 Car -1 -1 -8.0269 901.5420 186.8227 1051.4235 293.1192 1.4500 1.5509 3.4227 5.9144 1.5719 11.7265 -7.5690 2.1875
67 Car -1 -1 -8.0460 878.6368 181.1513 988.2996 251.2408 1.5091 1.6339 4.1428 7.9016 1.5276 17.4667 -7.6264 2.1618
67 Car -1 -1 -7.8683 844.4175 177.0221 887.0261 215.4116 1.4813 1.5567 3.7278 10.7304 1.3473 29.2984 -7.5191 1.9604
67 Car -1 -1 -4.3619 590.6030 173.4636 635.3596 201.0421 1.7076 1.6397 3.9698 0.5628 1.2720 45.9255 -4.3481 1.0476
67 Car -1 -1 -7.8695 837.9804 176.7727 868.9601 204.9361 1.4992 1.5656 3.4629 13.8373 1.3009 39.5270 -7.5337 -0.2510
67 Car -1 -1 -7.9294 841.9293 176.2129 883.5001 210.1152 1.5358 1.5853 3.7499 12.3304 1.3418 34.0480 -7.5833 -0.7143
67 Car -1 -1 -7.7491 831.9831 177.0872 865.8290 203.2216 1.5723 1.6444 3.6693 15.3919 1.3671 44.5477 -7.4170 -0.7262
67 Car -1 -1 -7.9500 822.5123 174.3964 848.9698 195.8158 1.6315 1.6282 3.7503 18.2012 1.1666 55.8639 -7.6351 -1.4904
67 Car -1 -1 -4.1525 561.9813 175.5204 613.4075 198.9248 1.5643 1.6498 4.1315 -1.1618 1.2315 49.4542 -4.1742 -1.4960
67 Car -1 -1 -3.8875 2.9201 155.4351 293.5382 278.0663 1.8598 1.7677 4.4660 -8.1293 1.4800 13.1136 -4.4299 -1.6260
67 Car -1 -1 -8.1767 458.1758 157.5723 501.5143 190.8462 2.1171 1.6978 3.8985 -8.3819 0.6584 47.1057 -8.3498 -1.6806
68 Car -1 -1 -8.0862 875.0938 186.7294 1040.9709 293.8030 1.4194 1.5516 3.5075 5.4548 1.5373 11.4648 -7.6512 2.8706
68 Car -1 -1 -8.0664 850.5543 176.6473 964.3417 249.4155 1.5507 1.6447 4.1960 7.1704 1.4690 17.2771 -7.6779 1.9680
68 Car -1 -1 -4.3341 555.8886 169.9313 602.9796 199.7809 1.7928 1.6125 3.9677 -1.5665 1.1581 44.6051 -4.3673 1.7657
68 Car -1 -1 -7.7957 815.9280 174.6015 859.4666 214.7619 1.5436 1.5093 3.4243 9.5727 1.3171 29.0454 -7.4790 1.6237
68 Car -1 -1 -7.9403 807.0441 175.1999 843.5022 203.6789 1.5173 1.6233 3.7459 12.2946 1.2350 39.6720 -7.6405 -0.1135
68 Car -1 -1 -4.8732 793.5358 175.0759 830.5347 200.2708 1.5235 1.6335 3.9139 13.0573 1.1956 44.7968 -4.5899 -0.6813
68 Car -1 -1 -4.8000 809.7828 175.2634 855.2279 210.3784 1.5285 1.6335 4.2645 10.5357 1.3008 33.0366 -4.4924 -0.9610
68 Car -1 -1 -3.8724 0.0000 151.0326 249.1412 289.2455 1.9170 1.7592 4.6163 -8.6415 1.5087 12.2576 -4.4725 -0.9716
68 Car -1 -1 -4.8876 783.2652 174.2429 812.9771 194.1961 1.5316 1.6121 3.9529 15.3469 1.0513 56.3139 -4.6213 -1.4396
69 Car -1 -1 -8.1177 853.3137 185.8505 1029.1549 297.8702 1.4351 1.5423 3.4722 4.9836 1.5330 11.0646 -7.7036 2.5996
69 Car -1 -1 -8.0587 829.3706 175.6655 943.6520 249.8199 1.5420 1.6604 4.1610 6.5047 1.4418 16.8883 -7.6957 1.9708
69 Car -1 -1 -7.8656 792.5004 174.0466 835.6285 213.9714 1.5185 1.5851 3.7721 8.4858 1.2733 28.9209 -7.5816 1.7989
69 Car -1 -1 -4.3183 522.0253 167.3874 572.0214 198.5089 1.8017 1.6164 4.0049 -3.4834 1.0427 43.0878 -4.3966 1.7466
69 Car -1 -1 -8.0003 778.4876 174.5601 817.3820 202.4826 1.4840 1.5702 3.6367 10.7065 1.1685 39.4767 -7.7359 0.1412
69 Car -1 -1 -8.0005 786.9660 173.3414 832.3270 206.7302 1.5084 1.5789 3.4539 9.6920 1.1852 33.7591 -7.7218 -0.2612
69 Car -1 -1 -8.1006 765.9011 171.6111 806.4947 198.2255 1.6200 1.6122 3.7954 11.4554 1.0790 44.9377 -7.8511 -0.8741
69 Car -1 -1 -7.9614 766.5176 170.6848 793.3058 191.4553 1.5921 1.6583 3.8535 13.8771 0.8397 56.2167 -7.7191 -0.9457
69 Car -1 -1 -3.9022 0.0000 150.7562 199.5749 286.6521 1.9029 1.6467 3.8006 -9.0145 1.4868 11.9163 -4.5353 -1.8209
69 Car -1 -1 -4.1387 413.2549 171.6634 482.3660 202.5877 1.5564 1.6272 4.1098 -8.3383 1.1118 37.7959 -4.3523 -2.0729
70 Car -1 -1 -8.1221 839.1746 186.6403 1023.7355 303.4496 1.4279 1.5551 3.5306 4.6432 1.5372 10.6903 -7.7215 2.4392
70 Car -1 -1 -8.0592 811.2840 176.3457 927.5599 251.3872 1.5243 1.6534 4.2580 5.9762 1.4403 16.5838 -7.7178 1.8599
70 Car -1 -1 -4.3215 494.3586 166.0828 544.7565 197.5354 1.7565 1.6001 3.8138 -4.9727 0.9515 41.5387 -4.4379 1.8441
70 Car -1 -1 -7.8591 773.0809 172.6575 816.0378 213.4582 1.5315 1.5685 3.6466 7.5903 1.2373 28.5011 -7.5999 1.8043
70 Car -1 -1 -7.9390 769.1110 172.7449 810.2830 207.0225 1.5252 1.5674 3.5676 8.6355 1.1804 33.3507 -7.6863 0.1252
70 Car -1 -1 -3.8688 0.0000 142.8073 141.5944 299.3215 1.9304 1.6764 3.9480 -9.4340 1.4659 10.7932 -4.5707 -0.4549
70 Car -1 -1 -7.9095 760.9864 173.5507 793.7588 201.4737 1.4758 1.5626 3.5646 9.5144 1.1086 39.2630 -7.6719 -0.5160
70 Car -1 -1 -7.9067 747.3970 170.1840 771.2917 191.1163 1.5926 1.6345 3.9360 12.1685 0.8077 55.8684 -7.6917 -1.4196
70 Car -1 -1 -7.7742 758.0117 172.8545 789.2876 197.5903 1.4804 1.6195 3.6914 10.5979 1.0229 44.3213 -7.5394 -1.5987
70 Car -1 -1 -6.8857 904.2714 169.1003 1037.3889 215.3503 1.5199 1.6050 3.8291 12.4788 1.1455 24.2813 -6.4146 -1.9655
71 Car -1 -1 -7.8343 756.6332 172.3304 800.7811 213.4965 1.5209 1.5961 3.6042 6.8936 1.2193 28.0687 -7.5944 2.2505
71 Car -1 -1 -8.1310 831.9151 184.1852 1026.2253 307.5743 1.4343 1.5291 3.5255 4.3565 1.4973 10.1691 -7.7358 2.2041
71 Car -1 -1 -8.0746 798.7698 173.9392 919.5639 253.0176 1.5549 1.6429 4.1629 5.5450 1.4263 16.0601 -7.7465 2.0294
71 Car -1 -1 -4.3106 466.7155 166.4272 520.5750 201.3156 1.8693 1.6092 3.8814 -6.2425 1.1154 39.9621 -4.4626 1.3831
71 Car -1 -1 -7.9231 752.2245 171.6066 791.5602 206.5939 1.5397 1.5339 3.4914 7.7070 1.1485 32.9615 -7.6939 0.8503
71 Car -1 -1 -7.8129 746.5299 171.1275 778.8804 200.4468 1.5306 1.5896 3.6651 8.6951 1.0414 38.8864 -7.5930 0.3634
71 Car -1 -1 -3.8795 0.0000 168.0812 83.9091 320.5678 1.6593 1.6189 3.9487 -9.5739 1.5245 9.7219 -4.6391 -0.6639
71 Car -1 -1 -4.9701 722.2386 170.4775 756.1917 192.1082 1.6413 1.6144 4.1808 10.5496 0.8808 55.7915 -4.7826 -1.1331
71 Car -1 -1 -7.7942 740.4265 171.8784 770.3126 196.8285 1.4871 1.6093 3.6674 9.4094 0.9733 44.1240 -7.5839 -1.4154
71 Car -1 -1 -6.1310 983.2344 165.7904 1087.0991 201.9473 1.5875 1.6484 3.9318 19.9701 0.9419 32.9357 -5.5885 -1.5587
71 Car -1 -1 -3.0017 689.2631 172.4318 752.9893 197.0945 1.4765 1.5999 3.6946 7.1697 0.9936 43.6443 -2.8383 -2.1032
71 Car -1 -1 -7.4164 1089.4664 137.0393 1159.6067 167.4308 1.5491 1.5956 3.9853 28.7462 -0.7537 39.1228 -6.7847 -2.1196
72 Car -1 -1 -8.1565 826.2454 185.8268 1039.1901 318.3281 1.4438 1.5584 3.4903 4.1525 1.5306 9.6596 -7.7607 2.6065
72 Car -1 -1 -7.8130 743.8688 172.6470 788.4980 216.1257 1.5778 1.5575 3.5504 6.3049 1.2931 27.5751 -7.5891 2.3287
72 Car -1 -1 -8.0768 787.4321 177.6681 912.4745 258.1713 1.5253 1.6302 4.2640 5.1640 1.4720 15.5950 -7.7614 2.1489
72 Car -1 -1 -4.3024 439.3905 168.7876 498.3942 205.1700 1.8677 1.6354 4.1240 -7.3476 1.2666 38.4890 -4.4878 1.5243
72 Car -1 -1 -7.9168 730.2374 174.3752 764.9643 203.7269 1.5142 1.6128 3.6335 7.6797 1.1984 38.3836 -7.7193 0.7375
72 Car -1 -1 -7.9484 737.9342 174.1565 780.5831 208.9205 1.5169 1.5910 3.4828 7.0515 1.2403 32.6747 -7.7362 0.1777
72 Car -1 -1 -8.0786 717.8906 173.0128 757.7930 199.8055 1.5845 1.6288 3.7189 8.1516 1.1418 43.7034 -7.8938 -0.6149
72 Car -1 -1 -2.3028 0.0000 185.4523 32.8610 299.4119 1.4705 1.6502 4.0961 -10.9041 1.5478 10.0914 -3.1095 -1.4075
72 Car -1 -1 -4.7405 713.9664 170.2185 736.8125 192.1396 1.6461 1.6425 3.9427 9.3659 0.8740 55.1613 -4.5716 -1.6876
72 Car -1 -1 -4.9739 1005.3506 164.2458 1070.9213 198.2366 1.5201 1.6271 4.1852 20.6162 0.7934 33.8568 -4.4294 -1.8449
73 Car -1 -1 -8.0895 777.1724 178.8677 905.4852 262.3628 1.5235 1.5810 4.1895 4.7891 1.4941 15.0450 -7.7857 2.6725
73 Car -1 -1 -8.1625 818.7665 186.8466 1054.5599 331.7001 1.4533 1.5679 3.7717 3.9430 1.5538 9.2099 -7.7687 2.3323
73 Car -1 -1 -7.8377 732.3016 176.0800 777.1647 219.6838 1.5525 1.5733 3.4431 5.7131 1.3954 27.0282 -7.6302 2.1814
73 Car -1 -1 -4.2935 416.3681 173.2822 476.4748 209.9756 1.8072 1.6015 3.9032 -8.2177 1.4519 36.8967 -4.5092 1.5475
73 Car -1 -1 -7.7881 719.5563 176.8575 754.3203 206.1892 1.4887 1.5933 3.6724 7.0885 1.3040 37.8619 -7.6029 0.1388
73 Car -1 -1 -7.9658 724.9749 174.6338 771.7457 211.9634 1.5961 1.6728 3.6309 6.4257 1.3455 32.1117 -7.7685 0.1263
73 Car -1 -1 -4.6748 705.3397 175.6507 727.9136 196.5881 1.5585 1.5833 3.7159 8.6540 1.1975 54.6065 -4.5170 -0.7139
73 Car -1 -1 -7.7470 713.5482 175.8581 748.2015 202.4675 1.5403 1.6658 3.9504 7.6976 1.2717 43.0583 -7.5698 -0.7867
73 Car -1 -1 -8.0259 743.2329 168.4524 776.4528 191.8155 1.6535 1.6916 4.2150 11.3809 0.8009 52.1835 -7.8108 -0.8176
73 Car -1 -1 -6.5454 1142.4988 157.8681 1223.0000 197.0795 1.5004 1.6193 3.8556 24.3016 0.6346 28.6054 -5.8451 -1.6829
73 Car -1 -1 -7.8297 992.6017 161.4509 1026.0522 191.3947 1.6859 1.6355 3.6592 23.9186 0.6135 41.7974 -7.3115 -1.9286
74 Car -1 -1 -8.1052 775.0690 179.6497 915.7951 267.8362 1.5373 1.6447 4.2432 4.6658 1.5228 14.4893 -7.7984 2.5233
74 Car -1 -1 -8.1990 820.2977 188.4923 1084.5376 346.6313 1.4658 1.5921 3.6941 3.8368 1.5852 8.6370 -7.7928 2.4916
74 Car -1 -1 -7.8212 722.8535 177.4259 768.6312 221.7952 1.5475 1.5758 3.3653 5.2875 1.4405 26.4776 -7.6248 2.4365
74 Car -1 -1 -4.2949 391.9059 174.1394 456.6037 211.3812 1.7495 1.6221 4.0414 -8.9695 1.4509 35.3451 -4.5397 1.6873
74 Car -1 -1 -8.0457 702.5136 178.5127 745.4409 208.4431 1.5075 1.5858 3.5309 6.2239 1.4075 37.3972 -7.8806 0.4977
74 Car -1 -1 -8.0313 713.4274 178.3606 765.3461 214.5236 1.5158 1.6452 3.5961 5.8856 1.4263 31.4400 -7.8465 0.1925
74 Car -1 -1 -7.9170 694.5770 176.6930 719.2670 197.8757 1.5648 1.6283 3.8947 7.7891 1.2836 54.2375 -7.7736 -0.2222
74 Car -1 -1 -8.0934 693.5516 177.8348 734.9039 204.2993 1.5238 1.6435 3.6162 6.5185 1.3704 42.5838 -7.9410 -0.4289
74 Car -1 -1 -8.2054 731.5475 166.7857 773.6133 191.9893 1.7598 1.7058 4.0402 10.6939 0.8022 51.4907 -8.0002 -1.1639
74 Car -1 -1 -4.1791 429.8481 182.1087 474.3900 202.7361 1.4490 1.5608 3.6381 -11.1832 1.5717 51.9484 -4.3883 -1.9638
74 Car -1 -1 -6.4023 1115.4202 156.1192 1223.0000 202.3131 1.5951 1.6917 4.2886 21.6447 0.7535 26.2788 -5.7176 -2.0526
75 Car -1 -1 -8.1259 768.9060 181.9949 914.4366 272.5360 1.5000 1.5671 4.1585 4.3844 1.5341 13.8838 -7.8249 2.7484
75 Car -1 -1 -8.2160 826.1100 190.1772 1121.4357 365.7397 1.4581 1.5727 3.7085 3.7109 1.5936 7.9791 -7.7941 2.5443
75 Car -1 -1 -7.8612 716.5624 175.4364 762.8204 220.5405 1.5369 1.5570 3.3523 4.8757 1.3647 25.8807 -7.6756 2.1819
75 Car -1 -1 -4.2574 369.3987 171.5604 439.2990 212.4983 1.8371 1.6048 4.0165 -9.5368 1.4361 33.8506 -4.5279 1.4158
75 Car -1 -1 -7.9852 707.7090 177.3048 755.7455 214.1632 1.5204 1.6100 3.5171 5.4633 1.3888 30.9574 -7.8107 0.8914
75 Car -1 -1 -7.9463 700.5918 178.3504 737.8255 208.2878 1.4832 1.5733 3.7247 5.8998 1.3769 36.9400 -7.7877 0.3573
75 Car -1 -1 -7.9291 684.3884 174.7692 709.7272 196.5508 1.5900 1.6087 3.9688 6.9526 1.1717 53.6399 -7.7994 -0.3173
75 Car -1 -1 -4.3951 550.0676 175.2908 581.6481 192.4617 1.5554 1.7475 4.1356 -3.6080 1.0834 66.2719 -4.4476 -0.7970
75 Car -1 -1 -7.7733 956.1434 175.0590 1041.9485 242.1692 1.4777 1.5956 3.4771 9.7495 1.3583 17.4592 -7.2701 -1.6347
75 Car -1 -1 -8.0456 724.5594 167.3749 759.3266 192.2485 1.7177 1.6985 4.1085 9.8060 0.8114 50.8830 -7.8546 -1.9840
75 Car -1 -1 -8.9577 952.9767 163.4716 1034.5220 193.7303 1.5887 1.6145 3.6041 21.4051 0.6948 39.0640 -8.4582 -2.0294
76 Car -1 -1 -8.2496 828.9561 191.1755 1166.7321 369.0000 1.4864 1.6067 3.6367 3.5852 1.6257 7.3479 -7.8108 2.4900
76 Car -1 -1 -8.1346 764.5218 178.5769 921.8109 278.1331 1.5757 1.6184 4.1763 4.1968 1.5457 13.2947 -7.8340 2.4811
76 Car -1 -1 -7.8583 711.8026 177.7428 758.7593 223.9252 1.5344 1.5427 3.2575 4.5989 1.4430 25.2294 -7.6786 2.3025
76 Car -1 -1 -4.2548 345.6660 172.4940 419.8160 214.8322 1.8098 1.6082 4.0255 -10.0909 1.4678 32.3391 -4.5528 1.4472
76 Car -1 -1 -7.9193 694.2884 178.1172 730.2849 208.9889 1.4977 1.5813 3.5433 5.4183 1.3822 36.1326 -7.7701 1.1436
76 Car -1 -1 -7.9560 702.0963 177.7313 748.8989 215.6581 1.5295 1.6188 3.4644 5.0785 1.4181 30.2941 -7.7900 1.0331
76 Car -1 -1 -7.9061 688.7437 177.5916 719.8721 204.9256 1.5272 1.6089 3.6651 5.7622 1.3648 41.4002 -7.7673 -0.0628
76 Car -1 -1 -4.6375 679.4151 174.6875 704.5129 197.1203 1.6130 1.5844 3.7471 6.5318 1.1951 52.8315 -4.5136 -1.0921
76 Car -1 -1 -4.4907 539.4261 174.9515 567.3131 193.1119 1.6058 1.6492 4.2376 -4.6690 1.1151 64.7369 -4.5607 -1.2972
76 Car -1 -1 -4.1823 435.1491 178.8444 482.4676 198.4654 1.4981 1.7710 4.2609 -11.5714 1.3716 56.2851 -4.3823 -1.8952
76 Car -1 -1 -6.7981 925.2744 171.6103 1133.3407 239.9956 1.5211 1.6373 3.8833 9.7758 1.3238 16.5681 -6.2718 -2.0182
76 Car -1 -1 -7.8856 191.0448 182.7125 257.0750 240.0435 1.5335 1.6018 3.7072 -11.4303 1.6060 21.0734 -8.3746 -2.0548
77 Car -1 -1 -8.2766 836.1351 187.4313 1223.0000 369.0000 1.5186 1.6042 3.7732 3.5149 1.6042 6.7723 -7.8150 2.5411
77 Car -1 -1 -8.1478 767.2696 181.3220 936.0544 283.8900 1.5181 1.6020 4.1625 4.0944 1.5355 12.5911 -7.8391 2.4315
77 Car -1 -1 -7.8813 706.7279 176.7597 755.0358 223.2526 1.5031 1.5456 3.3075 4.2894 1.3825 24.6070 -7.7093 2.2295
77 Car -1 -1 -4.2404 319.6779 172.7788 400.5629 217.6434 1.8147 1.6267 4.0858 -10.5621 1.5026 30.7389 -4.5665 1.5175
77 Car -1 -1 -7.9622 685.3787 177.5791 725.0400 209.1426 1.5058 1.5928 3.5129 4.9645 1.3666 35.5117 -7.8229 0.9077
77 Car -1 -1 -7.9774 694.7053 178.0638 745.1836 215.6758 1.4794 1.6386 3.6469 4.7299 1.3838 29.6619 -7.8193 0.8640
77 Car -1 -1 -7.9593 669.3675 175.6239 696.1609 197.8036 1.5844 1.5866 3.7219 5.7280 1.2361 52.3711 -7.8494 0.0433
77 Car -1 -1 -7.8622 682.6511 178.0923 712.5306 205.3056 1.4920 1.6282 3.6843 5.2968 1.3601 40.6914 -7.7321 -0.0327
77 Car -1 -1 -4.4275 525.0549 178.0534 556.2202 195.6629 1.5052 1.6217 4.2304 -5.6460 1.2960 62.6708 -4.5153 -0.5639
77 Car -1 -1 -6.8588 782.8005 171.8447 862.7855 203.0261 1.5276 1.6010 3.5884 11.0249 1.1037 35.9010 -6.5616 -1.6821
78 Car -1 -1 -8.1552 770.0489 181.2934 946.8581 292.1445 1.5463 1.5745 4.0494 3.9717 1.5623 11.9270 -7.8401 2.5895
78 Car -1 -1 -8.3042 854.9875 190.7790 1223.0000 369.0000 1.4832 1.5614 3.6919 3.4480 1.5991 6.0624 -7.8075 2.3410
78 Car -1 -1 -7.8419 699.4869 177.2181 750.2784 226.6911 1.5547 1.5834 3.4104 4.0534 1.4519 24.0380 -7.6754 2.2332
78 Car -1 -1 -4.2468 294.7936 173.3858 379.7445 221.4209 1.8425 1.6154 4.0598 -10.9781 1.5698 29.2272 -4.6009 1.4131
78 Car -1 -1 -8.0110 689.4523 178.0793 743.5707 217.2101 1.4943 1.6313 3.5032 4.4408 1.4021 28.7548 -7.8579 0.4495
78 Car -1 -1 -4.4603 514.6186 178.7553 545.1378 196.5299 1.4808 1.6313 4.1532 -6.4332 1.3354 61.0800 -4.5631 0.2223
78 Car -1 -1 -7.7932 684.9155 177.7656 723.0115 210.3578 1.5156 1.6324 3.8755 4.9180 1.3886 34.9406 -7.6530 0.1597
78 Car -1 -1 -8.0113 669.1038 178.2359 707.7033 205.8981 1.4954 1.6096 3.6815 4.6677 1.3732 40.0954 -7.8947 -0.2586
78 Car -1 -1 -7.8725 667.2706 177.9231 690.4510 199.8291 1.5459 1.6179 3.6483 5.3810 1.3641 51.7826 -7.7680 -0.4314
78 Car -1 -1 -7.1016 1101.5468 147.9927 1223.0000 198.0439 1.7230 1.6571 3.8469 20.2389 0.6042 25.4479 -6.4342 -1.5394
78 Car -1 -1 -6.7636 742.6036 169.8079 811.7700 194.3025 1.5356 1.6273 4.0387 11.0847 0.8654 45.6011 -6.5251 -1.7629
78 Car -1 -1 -5.0175 851.1084 169.9506 900.2215 196.5334 1.4945 1.6005 3.8887 15.8983 0.9015 41.7383 -4.6544 -1.9264
78 Car -1 -1 -7.9715 980.8630 166.3444 1031.5787 201.5834 1.5082 1.5763 3.6243 18.1990 0.9025 32.2362 -7.4601 -1.9563
79 Car -1 -1 -7.8968 697.8892 176.6548 751.3004 227.6328 1.5537 1.5724 3.4639 3.8490 1.4368 23.3634 -7.7340 2.3425
79 Car -1 -1 -8.1749 769.5182 180.1647 971.2946 300.7400 1.5736 1.6467 4.2764 3.9119 1.5696 11.3684 -7.8504 2.3362
79 Car -1 -1 -8.3927 860.0509 193.7044 1223.0000 369.0000 1.4964 1.5631 3.6716 3.3540 1.6323 5.4137 -7.8621 2.0569
79 Car -1 -1 -4.2127 268.0729 172.8410 361.3748 224.9056 1.8821 1.5976 4.0844 -11.2656 1.6054 27.6813 -4.5936 1.2929
79 Car -1 -1 -7.9845 687.2621 176.4332 738.5303 217.9971 1.5655 1.5838 3.4471 4.2381 1.4125 28.3676 -7.8362 1.2321
79 Car -1 -1 -7.8689 681.6942 178.5479 716.7302 211.4094 1.5009 1.5907 3.6271 4.5009 1.4119 34.1866 -7.7376 0.4567
79 Car -1 -1 -4.4526 504.5890 178.2542 536.2885 196.5177 1.4779 1.6314 4.1269 -7.0454 1.2961 59.3744 -4.5684 0.4065
79 Car -1 -1 -7.9235 670.5945 177.5768 704.2967 206.8488 1.5581 1.6161 3.5787 4.5442 1.4026 39.4590 -7.8082 0.2810
79 Car -1 -1 -7.6893 977.3516 173.9910 1097.9014 253.5310 1.4768 1.6215 3.7705 9.2638 1.3563 15.0876 -7.1464 -1.6443
79 Car -1 -1 -7.3109 358.5110 181.2395 417.5497 209.0045 1.5225 1.5724 3.6914 -12.4831 1.5674 40.8581 -7.6036 -1.8961
79 Car -1 -1 -7.9385 705.6870 171.7334 736.3012 198.4936 1.7313 1.6958 4.1254 7.8042 1.1642 47.8667 -7.7763 -1.9797
79 Car -1 -1 -4.8806 321.8575 178.2868 364.1271 207.3396 1.5804 1.6252 4.0845 -15.1116 1.4601 40.6373 -5.2324 -1.9840
80 Car -1 -1 -7.8316 697.3925 174.9628 751.2335 227.9743 1.5596 1.5730 3.4418 3.8147 1.3970 22.6397 -7.6654 2.4408
80 Car -1 -1 -8.1722 778.4101 180.4908 994.4789 311.4001 1.5663 1.6269 4.2251 3.8387 1.5666 10.5892 -7.8323 2.3976
80 Car -1 -1 -4.1865 240.2844 174.4375 343.1911 226.3253 1.7671 1.6243 4.1072 -11.5036 1.5609 26.2142 -4.5939 1.9597
80 Car -1 -1 -8.4234 887.6978 189.3746 1223.0000 369.0000 1.5320 1.5729 3.6845 3.3414 1.6153 4.7459 -7.8390 1.5786
80 Car -1 -1 -7.9268 687.9671 175.0321 737.1664 218.8490 1.6011 1.6297 3.6333 4.1216 1.4016 27.7091 -7.7792 1.5371
80 Car -1 -1 -7.9357 676.1114 178.6490 716.8435 212.1803 1.4984 1.6031 3.7311 4.2577 1.4159 33.4953 -7.8089 0.9626
80 Car -1 -1 -4.4665 496.0068 177.7047 528.5519 197.0121 1.5157 1.6652 4.1484 -7.5068 1.2963 57.6656 -4.5936 0.5269
80 Car -1 -1 -7.9207 658.3182 175.8287 684.1311 198.3411 1.5446 1.5814 3.7678 4.6883 1.2242 50.4171 -7.8269 0.2061
80 Car -1 -1 -7.9458 665.3289 178.0477 700.3724 206.8005 1.5048 1.5825 3.5894 4.2145 1.3766 38.8132 -7.8369 0.0588
80 Car -1 -1 -7.8941 710.0300 169.1030 737.7745 196.0600 1.7079 1.6490 3.9701 7.8372 0.9859 46.8681 -7.7279 -1.5823
80 Car -1 -1 -4.6063 186.4486 168.7303 233.3154 202.3912 1.5771 1.6084 3.9719 -19.6570 1.0258 35.2688 -5.1091 -1.6419
80 Car -1 -1 -1.8628 0.0000 201.0051 152.5956 369.0000 1.4726 1.5998 3.8262 -4.9061 1.6515 4.5468 -2.6502 -1.8184
80 Car -1 -1 -7.9796 1012.4247 155.3858 1050.2703 180.9860 1.5968 1.6254 3.9388 27.8163 0.0304 46.2324 -7.4392 -1.9664
80 Car -1 -1 -7.8730 884.8303 163.6190 923.7150 197.6584 1.5211 1.6141 3.7640 14.1626 0.7669 33.6427 -7.4762 -2.1466
81 Car -1 -1 -8.2078 783.6956 179.1054 1021.5076 318.6458 1.5477 1.6252 4.0080 3.7557 1.5327 9.8475 -7.8524 2.5770
81 Car -1 -1 -7.8407 697.1955 174.4987 752.5819 229.1788 1.5543 1.5627 3.3687 3.6882 1.3840 21.8948 -7.6746 2.2332
81 Car -1 -1 -4.1770 211.0039 172.2745 323.4940 227.6415 1.7723 1.6383 4.1645 -11.7145 1.5093 24.7864 -4.6119 1.7653
81 Car -1 -1 -8.0115 680.9961 174.7824 737.9415 218.6544 1.5612 1.5878 3.5946 3.8832 1.3580 26.9690 -7.8685 1.6173
81 Car -1 -1 -8.5685 910.9788 193.3102 1223.0000 369.0000 1.5130 1.6027 3.8560 3.3485 1.6202 3.9271 -7.8997 1.3724
81 Car -1 -1 -7.8885 666.8218 175.3764 699.7735 205.2367 1.5290 1.6296 3.7711 4.1637 1.2668 38.1448 -7.7791 0.5981
81 Car -1 -1 -4.2956 484.9631 178.2291 526.1516 197.8009 1.4849 1.6376 4.2520 -7.8028 1.3126 55.9114 -4.4318 0.5719
81 Car -1 -1 -7.8770 675.0929 176.1740 711.9926 209.8503 1.4751 1.6075 3.6421 4.0439 1.2858 32.8620 -7.7541 0.5445
81 Car -1 -1 -7.9512 652.5443 176.4804 679.7469 197.9381 1.4519 1.5490 3.7088 4.2628 1.1800 49.7051 -7.8646 0.5169
81 Car -1 -1 -5.8362 722.7916 172.8409 815.5058 205.6250 1.5157 1.6435 4.1127 7.9743 1.1618 34.6138 -5.6101 -2.1932
82 Car -1 -1 -8.2438 791.6823 179.8038 1066.8026 333.9317 1.5395 1.6019 4.1763 3.7435 1.5330 9.1600 -7.8662 2.8002
82 Car -1 -1 -7.8489 696.5345 173.8822 754.2112 230.8303 1.5629 1.5708 3.4388 3.5741 1.3816 21.2322 -7.6830 2.2737
82 Car -1 -1 -4.1508 179.0531 170.9924 299.0657 231.8786 1.8210 1.5997 3.9798 -11.8824 1.5370 23.2041 -4.6168 1.7196
82 Car -1 -1 -4.3873 478.8747 177.5943 515.4161 197.5494 1.4731 1.5725 4.0000 -8.2301 1.2586 54.3014 -4.5352 1.4382
82 Car -1 -1 -7.9821 682.0950 175.1661 738.3701 220.0309 1.5473 1.5982 3.5954 3.7960 1.3636 26.1954 -7.8383 1.1599
82 Car -1 -1 -7.9408 670.0911 176.8407 713.0287 211.3577 1.4779 1.6022 3.8451 3.8627 1.3214 32.2218 -7.8210 1.1252
82 Car -1 -1 -8.6441 967.9653 192.7320 1223.0000 369.0000 1.5093 1.5778 3.7119 3.3135 1.5960 3.1152 -7.8756 1.0141
82 Car -1 -1 -7.8067 653.0225 175.7235 678.2056 197.7530 1.4664 1.5616 3.7810 4.2349 1.1485 49.0440 -7.7194 0.7896
82 Car -1 -1 -7.7856 665.0849 175.3893 701.2831 205.9081 1.5270 1.6474 3.7727 4.1609 1.2714 37.3794 -7.6740 0.0708
82 Car -1 -1 -7.7303 885.7650 168.2067 932.0301 201.5611 1.5420 1.6414 3.7792 14.9489 0.9739 34.7330 -7.3255 -1.8800
83 Car -1 -1 -8.2865 802.3245 175.5285 1122.0157 351.8038 1.5739 1.5990 4.1864 3.7352 1.5299 8.4272 -7.8814 2.6860
83 Car -1 -1 -7.8722 697.9820 175.3295 758.3386 233.9373 1.5413 1.5737 3.3964 3.4666 1.4057 20.3911 -7.7047 2.4469
83 Car -1 -1 -4.4120 470.9462 175.9364 507.2921 197.8628 1.5686 1.5897 3.8636 -8.5717 1.2421 52.6049 -4.5709 1.6198
83 Car -1 -1 -7.9578 681.6366 174.8895 737.2662 221.4330 1.5567 1.6015 3.5777 3.6589 1.3693 25.4661 -7.8152 1.4605
83 Car -1 -1 -4.1237 141.2245 170.1824 277.7490 236.3486 1.8368 1.6134 4.1355 -12.0178 1.5507 21.7614 -4.6204 1.4000
83 Car -1 -1 -7.9905 667.0109 176.6664 714.9194 212.1318 1.4789 1.6072 3.7023 3.7253 1.3192 31.3487 -7.8718 0.5989
83 Car -1 -1 -7.8655 663.7901 175.0950 697.6219 206.0638 1.5233 1.6583 3.7817 3.8897 1.2576 36.7393 -7.7593 0.4777
83 Car -1 -1 -7.9051 651.1584 175.9295 676.8763 198.3154 1.4668 1.5596 3.6198 3.9846 1.1674 48.1624 -7.8214 0.2491
83 Car -1 -1 -8.7223 1038.0027 200.5079 1223.0000 369.0000 1.4964 1.6275 3.8423 3.3421 1.6188 2.3663 -7.8276 0.1194
83 Car -1 -1 -7.7367 504.5415 188.8686 1223.0000 369.0000 1.5234 1.6536 4.0819 1.5136 1.5828 2.8163 -7.2857 -1.1487
83 Car -1 -1 -7.9235 658.7383 175.1633 690.6925 201.9225 1.5330 1.6322 3.9982 4.1382 1.2274 42.5286 -7.8256 -1.5781
83 Car -1 -1 -4.3342 381.4807 177.0379 431.4388 203.2312 1.5703 1.6470 4.0218 -12.4288 1.3629 44.4775 -4.6032 -1.7301
84 Car -1 -1 -8.2743 824.5288 172.7954 1184.5922 369.0000 1.5904 1.5971 4.1425 3.7196 1.5305 7.6191 -7.8346 2.8308
84 Car -1 -1 -7.8710 699.0634 174.7597 762.2571 236.2713 1.5601 1.5888 3.2867 3.4136 1.4148 19.6780 -7.7002 2.5463
84 Car -1 -1 -7.9918 679.9672 174.7102 739.7677 222.2389 1.5374 1.5695 3.5581 3.5484 1.3504 24.6534 -7.8489 1.7554
84 Car -1 -1 -4.1066 100.1996 169.6857 249.2633 241.8745 1.8557 1.6037 4.0349 -12.1532 1.5780 20.2461 -4.6386 1.5908
84 Car -1 -1 -4.4181 461.6260 176.1264 498.8848 197.7878 1.4978 1.5663 3.9181 -8.9353 1.1954 50.9291 -4.5890 1.3533
84 Car -1 -1 -7.9175 661.3099 174.7762 698.5005 206.4536 1.5165 1.6239 3.8164 3.7223 1.2427 35.7896 -7.8131 1.3149
84 Car -1 -1 -7.9654 666.7713 176.2897 712.3357 212.5814 1.4774 1.5590 3.5442 3.5722 1.3062 30.5587 -7.8486 1.1080
84 Car -1 -1 -7.8667 648.5836 174.5013 672.3549 197.3703 1.4736 1.5287 3.5849 3.6903 1.0871 47.3988 -7.7879 0.1286
84 Car -1 -1 -8.7900 1049.0758 201.1461 1223.0000 369.0000 1.4947 1.5430 3.6228 3.1049 1.6063 1.9905 -7.8580 -1.2497
84 Car -1 -1 -4.7863 658.7041 174.5780 692.1230 201.7030 1.5258 1.6627 4.0974 4.1076 1.1928 41.8410 -4.6875 -1.9197
84 Car -1 -1 -7.8440 0.0000 0.0000 1223.0000 369.0000 1.5649 1.6816 4.0457 1.4608 1.5872 2.0770 -7.2955 -1.9629
85 Car -1 -1 -8.3423 836.1176 168.6961 1223.0000 369.0000 1.6084 1.5953 4.1527 3.6908 1.5290 6.8682 -7.8664 2.6031
85 Car -1 -1 -7.8739 702.5491 174.0695 767.3571 237.7060 1.5429 1.5565 3.3337 3.3840 1.3873 18.9098 -7.6980 2.3837
85 Car -1 -1 -8.0115 680.4884 175.2088 744.0751 222.9515 1.4933 1.5636 3.5787 3.5148 1.3281 23.9139 -7.8658 1.8920
85 Car -1 -1 -4.0715 52.2182 171.2460 219.9505 247.7045 1.8049 1.5845 4.0219 -12.2465 1.5868 18.7535 -4.6406 1.7843
85 Car -1 -1 -4.3812 452.5282 175.3279 494.2327 198.1429 1.5230 1.6188 4.0636 -9.1275 1.1778 49.3277 -4.5613 1.6055
85 Car -1 -1 -7.9568 657.9312 173.5799 698.9831 206.6300 1.5513 1.6384 3.7586 3.5695 1.2267 35.0671 -7.8546 1.3892
85 Car -1 -1 -7.8897 671.6649 176.2973 712.8487 213.1070 1.4508 1.5769 3.7130 3.5938 1.2854 29.7843 -7.7692 0.5060
85 Car -1 -1 -4.6576 648.1483 171.7365 674.8138 196.6026 1.5711 1.5480 3.7583 3.7547 1.0175 46.6399 -4.5761 0.4217
85 Car -1 -1 -4.4177 729.6589 167.2490 779.6444 198.1808 1.5939 1.6081 3.8768 8.1845 0.9112 38.5196 -4.2083 -1.9970
85 Car -1 -1 -4.8686 656.6756 173.4429 696.6924 201.9803 1.5662 1.6668 4.1798 4.0813 1.1790 40.9383 -4.7684 -2.0664
85 Car -1 -1 -4.3561 647.0118 159.0444 678.3696 180.3009 1.8540 1.6056 3.7561 5.2497 -0.0187 63.7485 -4.2725 -2.0677
85 Car -1 -1 -4.6866 739.9850 169.9643 758.2606 186.5724 1.5253 1.5948 3.9947 13.7148 0.5576 67.0615 -4.4841 -2.1192
86 Car -1 -1 -7.8762 705.6081 173.6069 774.6932 240.4481 1.5459 1.5818 3.4344 3.3738 1.3868 18.1739 -7.6940 2.5323
86 Car -1 -1 -8.3674 852.7047 164.2606 1223.0000 369.0000 1.6295 1.5891 4.1056 3.6033 1.5367 6.1123 -7.8553 2.2463
86 Car -1 -1 -4.3857 445.7584 176.0597 488.0544 199.6587 1.5222 1.6143 3.9299 -9.2569 1.2358 47.6626 -4.5745 1.8730
86 Car -1 -1 -4.0264 0.0000 173.7379 187.1345 256.8994 1.7867 1.5913 3.9695 -12.3013 1.6418 17.2303 -4.6360 1.8663
86 Car -1 -1 -8.0189 682.1719 175.2041 750.5041 224.9662 1.4997 1.5964 3.7506 3.5278 1.3404 23.1949 -7.8683 1.8470
86 Car -1 -1 -7.8501 664.7161 174.1735 700.9002 208.1619 1.5493 1.6440 3.8647 3.7510 1.2611 34.2425 -7.7403 0.8568
86 Car -1 -1 -7.9492 669.9471 174.9832 717.1976 214.3287 1.5148 1.5689 3.7192 3.5558 1.3026 29.1012 -7.8272 0.5972
86 Car -1 -1 -7.9117 648.3437 174.8465 675.5109 198.9938 1.5039 1.5469 3.6007 3.6516 1.1519 45.8518 -7.8312 0.5292
86 Car -1 -1 -7.8890 660.5718 172.6220 691.4410 201.4809 1.5890 1.6375 3.7824 4.0505 1.1553 40.8704 -7.7893 -1.6597
86 Car -1 -1 -4.3500 741.7415 169.2130 771.9132 185.4023 1.4949 1.5665 3.7856 14.4999 0.4526 67.3038 -4.1371 -1.9034
86 Car -1 -1 -5.4986 1089.1956 180.4800 1223.0000 336.0874 1.4428 1.5449 3.7296 7.8613 1.4431 8.4600 -4.7669 -2.1358
87 Car -1 -1 -7.8820 710.5153 174.9665 783.4286 244.2600 1.5228 1.5847 3.6178 3.3865 1.4016 17.4517 -7.6920 2.5844
87 Car -1 -1 -4.3913 437.4564 177.0512 481.2878 202.4853 1.5781 1.6305 3.9026 -9.4033 1.3642 45.9064 -4.5903 1.8681
87 Car -1 -1 -8.4287 873.4108 163.3725 1223.0000 369.0000 1.6412 1.6074 4.1074 3.5861 1.5616 5.3704 -7.8650 1.8639
87 Car -1 -1 -7.9384 672.2964 174.4998 719.7496 216.1917 1.5563 1.5644 3.6280 3.5452 1.3325 28.2371 -7.8133 1.4043
87 Car -1 -1 -8.0317 683.3504 173.8762 755.7035 227.2640 1.5490 1.6064 3.7046 3.4964 1.3571 22.3846 -7.8772 1.3351
87 Car -1 -1 -3.9651 0.0000 174.8798 155.4517 269.3863 1.8310 1.6275 4.1001 -12.3521 1.7225 15.8169 -4.6167 1.3314
87 Car -1 -1 -8.0566 640.8432 175.7023 676.7863 199.9406 1.4806 1.5651 3.7289 3.3850 1.1876 45.1382 -7.9806 0.8653
87 Car -1 -1 -7.8794 665.4661 175.1666 703.0658 209.9945 1.5518 1.6616 3.8827 3.6821 1.3144 33.5082 -7.7693 0.7035
87 Car -1 -1 -7.7230 658.9082 175.0560 695.8550 203.5772 1.5374 1.6129 3.7085 4.1351 1.2441 40.1041 -7.6194 -1.3456
87 Car -1 -1 -4.9683 768.3855 168.2977 809.3165 192.8256 1.5027 1.5862 3.9242 11.7119 0.7552 45.2823 -4.7152 -1.9426
87 Car -1 -1 -7.5873 644.1034 162.2346 674.9742 188.9067 2.2704 1.6968 4.0830 4.8647 0.7155 62.3929 -7.5082 -2.1293
88 Car -1 -1 -7.8876 715.8713 173.7307 794.0608 248.0751 1.5465 1.6066 3.6088 3.3926 1.4060 16.6202 -7.6883 2.4913
88 Car -1 -1 -7.9462 673.6505 175.4589 723.2761 217.7932 1.5307 1.5654 3.6055 3.5280 1.3487 27.3954 -7.8179 1.7285
88 Car -1 -1 -8.0471 685.4990 173.6207 762.3268 229.9426 1.5657 1.5994 3.7003 3.4854 1.3748 21.5314 -7.8873 1.5645
88 Car -1 -1 -4.3264 429.1882 177.9678 476.8473 203.8190 1.5442 1.6201 3.7329 -9.4548 1.3931 44.2169 -4.5339 1.4817
88 Car -1 -1 -8.4819 914.7753 153.8557 1223.0000 369.0000 1.7113 1.5543 3.5288 3.5899 1.5995 4.7500 -7.8645 1.1074
88 Car -1 -1 -3.8932 0.0000 175.7500 116.0280 279.9482 1.7950 1.6983 4.2358 -12.4676 1.7135 14.3831 -4.5949 0.9813
88 Car -1 -1 -7.9406 661.4960 175.8850 704.0156 210.8010 1.5139 1.6200 3.6856 3.4975 1.3140 32.5165 -7.8328 0.7155
88 Car -1 -1 -7.8178 651.8234 175.9884 679.7057 200.5798 1.4713 1.6009 3.8603 3.8374 1.2015 44.3176 -7.7304 0.6723
88 Car -1 -1 -7.5360 658.9985 174.1725 710.0426 203.7676 1.5548 1.6559 3.9813 4.4591 1.2225 39.3000 -7.4223 -1.4398
88 Car -1 -1 -3.9289 102.8174 182.7627 203.7794 220.7800 1.4751 1.5124 3.5053 -18.7842 1.5758 29.5339 -4.4888 -1.7683
89 Car -1 -1 -7.9283 719.6580 173.7576 806.4286 252.6717 1.5524 1.5879 3.4411 3.3584 1.4201 15.7200 -7.7202 2.6851
89 Car -1 -1 -4.3353 421.2892 178.8582 468.9213 204.6094 1.4825 1.5870 3.5736 -9.5868 1.3881 42.5951 -4.5534 1.9870
89 Car -1 -1 -8.0135 691.4270 173.2592 767.8630 232.6436 1.5817 1.6077 3.6823 3.5078 1.3891 20.6791 -7.8463 1.3910
89 Car -1 -1 -7.9155 679.2574 175.5534 729.5440 219.1500 1.5198 1.6210 3.9064 3.6459 1.3476 26.6556 -7.7795 1.0266
89 Car -1 -1 -7.9092 664.5405 176.8965 705.9287 212.4005 1.4886 1.6122 3.9777 3.5115 1.3377 31.6760 -7.7982 0.5092
89 Car -1 -1 -8.5552 968.4608 188.6247 1223.0000 369.0000 1.5480 1.5547 3.6991 3.5983 1.6135 3.8005 -7.8362 0.3974
89 Car -1 -1 -7.7880 650.7788 176.4537 680.9797 202.0987 1.5041 1.6041 3.7409 3.7689 1.2669 43.4403 -7.7005 0.3601
89 Car -1 -1 -3.9428 0.0000 174.5309 64.9755 292.6602 1.8205 1.6679 4.0729 -12.3554 1.7289 12.9504 -4.6908 -0.0007
89 Car -1 -1 -7.7718 662.3495 174.0465 697.6962 204.5228 1.5762 1.6140 3.7445 4.1188 1.2425 38.5574 -7.6646 -0.9011
90 Car -1 -1 -7.9367 726.1355 172.4456 818.3602 256.2473 1.5482 1.5638 3.3643 3.3481 1.3998 14.8353 -7.7176 2.6187
90 Car -1 -1 -4.3367 410.2495 178.7522 462.4682 206.9236 1.5531 1.6271 3.8804 -9.7283 1.4569 41.0182 -4.5662 1.6902
90 Car -1 -1 -8.0426 693.3439 172.4790 776.7000 235.0229 1.5937 1.6077 3.6990 3.5081 1.3896 19.8774 -7.8690 1.5357
90 Car -1 -1 -7.9332 678.8873 175.4868 732.5229 219.8722 1.4977 1.6187 3.8773 3.5740 1.3288 25.8398 -7.7957 1.3985
90 Car -1 -1 -7.9894 661.3091 176.4772 709.9963 212.0425 1.4609 1.6015 3.8513 3.4446 1.2958 30.9870 -7.8781 1.1092
90 Car -1 -1 -8.6855 1020.4478 193.1147 1223.0000 369.0000 1.4851 1.5413 3.6392 3.5768 1.5722 3.0280 -7.8659 0.3662
90 Car -1 -1 -7.8346 651.8669 176.3601 680.2344 202.5829 1.5076 1.6284 3.8936 3.7120 1.2697 42.6711 -7.7468 0.2490
90 Car -1 -1 -7.9438 661.0402 174.0284 697.5162 205.7389 1.6046 1.6035 3.6141 3.8868 1.2773 37.5956 -7.8400 -0.2309
91 Car -1 -1 -7.8839 734.3940 173.9082 832.3215 263.3776 1.5322 1.6496 3.6591 3.4074 1.4197 14.0671 -7.6497 2.5970
91 Car -1 -1 -7.9802 678.2028 175.2617 735.8641 222.2074 1.5327 1.5604 3.4842 3.4803 1.3620 24.8367 -7.8411 2.0763
91 Car -1 -1 -4.3571 399.4213 179.8946 453.3257 208.2744 1.4964 1.6226 3.9542 -9.8800 1.4646 39.3362 -4.5996 2.0708
91 Car -1 -1 -8.0637 695.5444 172.7019 785.1089 238.6554 1.6020 1.6132 3.6180 3.4846 1.4129 19.0059 -7.8837 1.7194
91 Car -1 -1 -7.9579 664.9207 176.4821 710.7881 213.6216 1.4837 1.5533 3.6723 3.4406 1.3234 30.0897 -7.8436 1.6022
91 Car -1 -1 -7.7544 652.3907 176.6333 685.2365 202.8521 1.4716 1.5685 3.6656 3.7854 1.2547 41.6348 -7.6628 0.5988
91 Car -1 -1 -8.8352 1090.2314 204.5420 1223.0000 369.0000 1.4817 1.6045 3.8422 3.7179 1.6283 2.3508 -7.8863 -0.3122
91 Car -1 -1 -8.3878 640.2811 173.3871 700.9122 206.3299 1.6221 1.5750 3.4881 3.3374 1.2720 36.7287 -8.2963 -0.8718
91 Car -1 -1 -7.9867 785.7080 185.9724 1223.0000 369.0000 1.5464 1.6664 3.9384 1.8009 1.5822 2.4264 -7.4051 -1.6777
91 Car -1 -1 -4.7094 648.6057 174.6292 675.4095 200.3910 1.5767 1.6376 4.0277 3.6550 1.2175 45.3502 -4.6278 -1.8614
92 Car -1 -1 -7.9419 740.7028 174.7948 848.9247 271.1798 1.5331 1.5720 3.4951 3.3264 1.4428 13.0955 -7.6972 2.4295
92 Car -1 -1 -8.0503 702.1690 174.5925 792.9335 242.8372 1.5708 1.5673 3.5940 3.4884 1.4352 18.0769 -7.8613 2.0873
92 Car -1 -1 -4.3220 387.6725 180.9195 445.1873 210.9948 1.5131 1.6415 3.7496 -9.9714 1.5367 37.5950 -4.5776 1.8992
92 Car -1 -1 -7.9802 680.3021 176.0962 740.5122 223.9448 1.4964 1.5637 3.4903 3.4500 1.3589 23.8701 -7.8369 1.6169
92 Car -1 -1 -7.9690 666.4471 175.1377 716.9952 215.8272 1.5728 1.6386 3.7452 3.4883 1.3657 29.2055 -7.8498 0.8971
92 Car -1 -1 -7.7847 653.8947 175.9599 685.3486 202.6277 1.4630 1.5519 3.6852 3.7486 1.2140 40.7318 -7.6920 0.5439
92 Car -1 -1 -7.9090 663.8725 173.7909 700.3546 206.7479 1.5841 1.6342 3.5771 3.8406 1.2618 35.8138 -7.8015 -0.8105
92 Car -1 -1 -4.4169 634.0986 174.1974 680.0764 202.5088 1.6725 1.6682 4.3258 3.2960 1.3002 44.0859 -4.3412 -1.7570
92 Car -1 -1 -8.1071 899.3269 160.1073 963.9141 199.5753 1.6215 1.6486 3.8306 14.2396 0.7839 31.0784 -7.6796 -2.1422
93 Car -1 -1 -7.9551 747.5822 174.9968 868.2646 278.3588 1.5159 1.5857 3.5450 3.3054 1.4356 12.2447 -7.6961 2.4759
93 Car -1 -1 -4.2896 374.6825 181.7701 437.2043 213.2936 1.5046 1.6249 3.8127 -10.0521 1.5729 35.9172 -4.5585 1.9660
93 Car -1 -1 -8.0558 706.8727 174.8448 803.0884 245.7121 1.5482 1.5769 3.5314 3.4894 1.4250 17.2149 -7.8578 1.9072
93 Car -1 -1 -7.9818 683.7339 174.1054 747.3776 226.4122 1.5720 1.5854 3.5721 3.4887 1.3801 23.0527 -7.8320 1.8267
93 Car -1 -1 -7.9503 669.2505 174.9956 719.5931 216.4414 1.5465 1.6267 3.7790 3.4822 1.3413 28.2924 -7.8276 1.4401
93 Car -1 -1 -7.8077 654.9183 175.3850 686.3563 203.3364 1.4988 1.5951 3.6503 3.7225 1.2247 39.8323 -7.7136 0.6910
93 Car -1 -1 -7.9791 662.6013 175.1463 704.4071 207.5504 1.5186 1.6140 3.5396 3.8056 1.2679 34.9177 -7.8698 -0.3594
93 Car -1 -1 -7.8927 651.9460 175.2317 680.6702 202.8509 1.6909 1.6785 3.8543 3.8780 1.3685 45.2524 -7.8062 -1.3506
94 Car -1 -1 -7.9705 758.5552 174.3994 895.5696 289.1270 1.5378 1.6172 3.4735 3.3271 1.4564 11.3222 -7.6905 2.4807
94 Car -1 -1 -8.0886 710.3549 174.7006 816.6877 249.8192 1.5442 1.5703 3.5546 3.4863 1.4254 16.3327 -7.8806 2.1310
94 Car -1 -1 -4.3029 362.4674 181.0761 426.5850 214.0206 1.5014 1.6066 3.7456 -10.1357 1.5310 34.2487 -4.5865 1.9171
94 Car -1 -1 -7.9957 685.9873 176.0574 752.7793 227.1705 1.4735 1.5599 3.5289 3.4647 1.3457 22.1570 -7.8411 1.6431
94 Car -1 -1 -7.8843 655.9011 175.2572 687.4664 204.3957 1.5314 1.6180 3.6761 3.6264 1.2560 39.0455 -7.7908 1.3886
94 Car -1 -1 -7.9468 671.4453 174.6622 722.7590 217.0239 1.5310 1.6134 3.8323 3.4821 1.3202 27.4952 -7.8206 1.2717
94 Car -1 -1 -7.9547 666.6163 174.3208 708.4736 208.7145 1.5512 1.6191 3.5824 3.8590 1.2727 33.6911 -7.8400 -0.6991
94 Car -1 -1 -4.6818 644.8188 174.4634 674.6193 202.1183 1.5610 1.6380 4.2332 3.2908 1.2203 42.1026 -4.6027 -1.7924
94 Car -1 -1 -7.7313 635.8651 174.4986 678.9193 209.3702 1.5580 1.6070 3.5775 2.5099 1.2901 33.5024 -7.6556 -2.1444
94 Car -1 -1 -3.3807 760.6434 170.2399 886.8669 218.0006 1.5424 1.6526 3.7611 7.2348 1.2113 23.7611 -3.0871 -2.1955
95 Car -1 -1 -8.0150 765.0590 175.1308 923.3368 300.1148 1.5230 1.5931 3.3664 3.2656 1.4580 10.3919 -7.7174 2.4596
95 Car -1 -1 -8.0764 718.3853 173.5590 828.4785 254.5355 1.5600 1.5515 3.4784 3.4796 1.4267 15.3624 -7.8564 2.0721
95 Car -1 -1 -7.9999 688.5709 176.0374 760.1427 230.0868 1.4856 1.5769 3.6986 3.4635 1.3632 21.2944 -7.8393 2.0661
95 Car -1 -1 -7.9852 671.2355 174.5827 728.5576 218.9831 1.5459 1.6204 3.8873 3.4561 1.3401 26.5623 -7.8557 1.9655
95 Car -1 -1 -4.2599 344.1472 180.2256 416.9349 215.6431 1.5297 1.6522 3.8830 -10.2735 1.5181 32.5822 -4.5609 1.7438
95 Car -1 -1 -7.8334 656.5397 174.9362 688.9129 204.0996 1.4888 1.6497 3.7155 3.6645 1.2049 38.0366 -7.7365 1.4478
95 Car -1 -1 -7.9773 666.5624 175.1397 711.7410 209.4562 1.5120 1.6299 3.8107 3.8528 1.2760 33.0643 -7.8607 -0.1946
95 Car -1 -1 -4.7017 645.7828 172.6984 675.4875 201.6385 1.5993 1.6395 4.2321 3.2563 1.1683 41.2553 -4.6218 -1.7105
96 Car -1 -1 -8.0273 782.6493 177.7994 960.2452 315.1444 1.4904 1.5504 3.4311 3.2946 1.4615 9.4859 -7.7015 2.3015
96 Car -1 -1 -8.1004 722.9127 173.6792 845.7595 261.3357 1.5698 1.5591 3.5576 3.4660 1.4480 14.4516 -7.8683 2.2264
96 Car -1 -1 -4.2648 327.9850 180.9400 402.7962 219.1913 1.5606 1.5857 3.8152 -10.3960 1.5812 30.8839 -4.5847 2.0327
96 Car -1 -1 -7.9577 674.8316 175.8784 732.0743 221.7358 1.5345 1.6382 3.9215 3.4592 1.3802 25.6449 -7.8236 2.0088
96 Car -1 -1 -7.9899 693.0580 176.8624 767.9171 234.2526 1.5038 1.6031 3.7699 3.4879 1.4088 20.4367 -7.8218 1.9812
96 Car -1 -1 -7.8387 657.9409 176.9930 689.5951 205.8292 1.4376 1.5746 3.7987 3.6310 1.2629 37.2246 -7.7406 0.6545
96 Car -1 -1 -7.9883 667.4905 176.0833 714.4456 211.3964 1.5080 1.6285 3.6249 3.8102 1.3196 32.0185 -7.8694 -0.2393
96 Car -1 -1 -7.9557 657.5732 173.8342 691.3690 201.6716 1.6012 1.6499 3.6986 4.1243 1.2179 42.5209 -7.8580 -0.8673
97 Car -1 -1 -8.1105 731.0485 175.6656 863.4774 268.7231 1.5499 1.5494 3.5001 3.4698 1.4698 13.5336 -7.8635 2.2930
97 Car -1 -1 -8.0622 795.2118 176.6239 1006.3522 338.2397 1.5389 1.5501 3.3851 3.2434 1.5024 8.5193 -7.7089 2.2551
97 Car -1 -1 -4.2439 309.5276 182.2945 391.4941 221.3444 1.4985 1.6338 3.8193 -10.4744 1.5782 29.3150 -4.5820 2.0898
97 Car -1 -1 -7.9998 698.2552 175.5980 775.1203 237.7058 1.5460 1.5538 3.4449 3.4686 1.4243 19.3452 -7.8236 2.0042
97 Car -1 -1 -7.9415 678.7908 176.6137 735.2167 223.7318 1.5146 1.6066 3.7030 3.4434 1.3900 24.6183 -7.8026 1.8841
97 Car -1 -1 -7.8830 675.4868 177.3505 714.4607 213.0436 1.4778 1.5869 3.6159 3.8878 1.3476 31.1487 -7.7585 0.9334
97 Car -1 -1 -7.8081 656.3012 176.0860 689.5757 206.8769 1.4923 1.5296 3.6013 3.4960 1.2785 36.1589 -7.7109 0.3074
97 Car -1 -1 -7.7595 649.8003 168.4070 677.7029 198.8355 2.2183 1.7295 4.1196 4.5063 1.3367 53.7255 -7.6747 -1.3214
98 Car -1 -1 -8.1089 813.7223 175.2625 1073.8226 363.5876 1.5394 1.5538 3.3349 3.2333 1.4971 7.5376 -7.7170 2.3073
98 Car -1 -1 -4.2370 288.6755 182.9085 376.3125 224.2328 1.4854 1.5963 3.8487 -10.5735 1.5867 27.6521 -4.5968 2.1656
98 Car -1 -1 -8.1221 739.7675 174.0692 888.6650 278.1439 1.5792 1.5534 3.6336 3.4734 1.4820 12.5478 -7.8569 2.1381
98 Car -1 -1 -7.9884 677.2031 175.9678 743.2079 225.8154 1.5382 1.6604 3.9254 3.4137 1.3986 23.7873 -7.8461 1.9836
98 Car -1 -1 -7.9354 655.7006 176.9669 694.1095 208.4249 1.4906 1.5943 3.9262 3.4355 1.3234 35.4792 -7.8381 1.8756
98 Car -1 -1 -7.9960 701.4372 176.2420 783.7568 240.6641 1.5182 1.5794 3.6555 3.4555 1.4182 18.5213 -7.8130 1.8072
98 Car -1 -1 -7.9495 672.8024 177.5523 719.6143 214.9471 1.4989 1.6174 3.8052 3.8153 1.3810 30.2674 -7.8238 0.8228
99 Car -1 -1 -8.1357 750.3622 174.4062 912.4750 286.9484 1.5683 1.5320 3.5533 3.4712 1.4838 11.6313 -7.8515 2.2592
99 Car -1 -1 -8.1553 838.5314 174.5418 1173.1921 369.0000 1.5557 1.6030 3.3525 3.2725 1.5154 6.6110 -7.7126 2.2481
99 Car -1 -1 -8.0044 704.7824 177.3053 791.3586 244.7563 1.5044 1.5678 3.4517 3.3967 1.4335 17.5250 -7.8147 2.2434
99 Car -1 -1 -4.2304 265.3097 181.9168 358.9440 227.3346 1.5347 1.5972 3.7598 -10.6665 1.5909 25.9626 -4.6143 2.0784
99 Car -1 -1 -7.9869 680.1069 176.0220 747.7018 228.4400 1.5469 1.6312 3.8666 3.3853 1.4150 22.8101 -7.8399 1.8054
99 Car -1 -1 -7.9361 657.6781 176.5151 696.5820 208.4787 1.4691 1.5721 3.7162 3.4346 1.2861 34.3687 -7.8358 1.8035
99 Car -1 -1 -7.9547 674.7354 176.4494 723.1925 215.9795 1.5311 1.6139 3.6333 3.7942 1.3745 29.2257 -7.8254 1.3213
99 Car -1 -1 -7.6199 648.5725 171.3366 684.2192 199.5540 1.9781 1.7025 4.0576 4.5388 1.3358 51.7603 -7.5314 -1.2995
99 Car -1 -1 -7.8715 663.1570 176.4377 694.2173 205.2844 1.5388 1.6512 3.9882 4.0920 1.3223 39.7754 -7.7681 -1.8424
100 Car -1 -1 -8.1486 757.1494 176.3386 939.6448 299.9913 1.5496 1.5499 3.5006 3.3769 1.4978 10.6157 -7.8474 2.4332
100 Car -1 -1 -7.9910 683.8824 177.0055 754.4055 231.3354 1.5270 1.6159 3.7746 3.3837 1.4291 21.7729 -7.8374 2.3164
100 Car -1 -1 -4.1912 239.5371 181.1685 342.0268 229.9354 1.5435 1.5640 3.7199 -10.7346 1.5686 24.3674 -4.5997 2.2414
100 Car -1 -1 -8.1748 876.3148 179.9291 1223.0000 369.0000 1.5011 1.5100 3.3066 3.2235 1.4984 5.6119 -7.6755 2.0646
100 Car -1 -1 -8.0129 710.6835 177.0872 803.2368 250.2103 1.5254 1.5455 3.4522 3.3894 1.4546 16.5066 -7.8125 1.9705
100 Car -1 -1 -7.9534 657.8018 175.6464 698.9689 208.0947 1.4492 1.5685 3.6711 3.3934 1.2326 33.4148 -7.8515 1.7976
100 Car -1 -1 -7.9004 679.9930 176.1779 724.7278 216.2975 1.5016 1.5957 3.5778 3.8125 1.3401 28.3155 -7.7664 0.6937
100 Car -1 -1 -8.0095 660.4996 171.3317 700.6610 202.8679 1.6479 1.6312 3.7087 4.0860 1.1690 38.8393 -7.9039 -0.8629
100 Car -1 -1 -8.0290 674.1746 162.5489 703.8451 190.4933 2.2479 1.7444 4.2461 6.9841 0.8038 59.0451 -7.9102 -2.1532
101 Car -1 -1 -8.1784 772.6171 174.8668 985.1926 315.2086 1.5597 1.5545 3.4910 3.4070 1.4975 9.6093 -7.8463 2.8389
101 Car -1 -1 -8.0149 717.1804 176.0791 816.5880 252.8121 1.4967 1.5572 3.4218 3.3904 1.4108 15.5395 -7.8026 2.3042
101 Car -1 -1 -4.1698 205.9347 181.8964 322.3361 232.8251 1.4886 1.6063 3.8286 -10.8590 1.5377 22.7625 -4.6078 2.0333
101 Car -1 -1 -7.9951 687.1650 173.2397 762.5385 230.8313 1.5438 1.6497 3.7519 3.3949 1.3495 20.8445 -7.8344 2.0063
101 Car -1 -1 -8.2836 909.4975 181.0933 1223.0000 369.0000 1.5073 1.5144 3.3883 3.2158 1.5131 4.6462 -7.7075 1.7195
101 Car -1 -1 -7.9086 662.4419 174.8463 701.0524 208.7625 1.4633 1.5499 3.6502 3.4399 1.2196 32.3677 -7.8020 1.4394
101 Car -1 -1 -7.8907 682.7618 175.7132 729.0475 217.5475 1.5020 1.6188 3.6535 3.8025 1.3304 27.2851 -7.7522 1.0246
101 Car -1 -1 -7.8004 660.3637 171.7422 694.1387 203.7702 1.6290 1.6092 3.5698 3.8913 1.1837 37.8499 -7.6972 0.0731
101 Car -1 -1 -7.8033 567.2932 171.2199 586.5933 189.0675 1.6658 1.6533 3.8963 -2.6464 0.7995 67.9501 -7.8404 -1.4603
101 Car -1 -1 -4.9972 643.0028 173.7836 686.4712 199.7900 1.5590 1.6550 4.0341 3.6994 1.1565 44.5264 -4.9133 -1.7319
101 Car -1 -1 -6.1227 245.5897 183.5019 333.0931 214.5538 1.4768 1.5928 3.7582 -15.6163 1.6313 35.1085 -6.5362 -1.8769
102 Car -1 -1 -8.2300 783.8857 173.0431 1035.9224 331.2053 1.5392 1.5379 3.4494 3.3570 1.4670 8.6168 -7.8691 2.6842
102 Car -1 -1 -8.0379 722.7717 175.3595 834.7994 259.5386 1.5181 1.5776 3.4420 3.3801 1.4258 14.5036 -7.8121 2.4441
102 Car -1 -1 -4.1340 170.4141 182.0566 300.4491 237.6073 1.4963 1.5646 3.8663 -10.9303 1.5475 21.1634 -4.6030 2.2567
102 Car -1 -1 -8.0074 689.1428 173.8499 769.5500 235.3686 1.5617 1.6303 3.7929 3.3447 1.3932 19.8560 -7.8414 2.0385
102 Car -1 -1 -7.9144 662.2775 174.3280 703.7026 209.0865 1.4526 1.5946 3.8112 3.3927 1.1948 31.4890 -7.8064 1.7340
102 Car -1 -1 -8.4088 966.3181 183.6874 1223.0000 369.0000 1.4753 1.5095 3.5450 3.1992 1.5001 3.5328 -7.7145 0.9907
102 Car -1 -1 -7.9912 676.1716 174.3733 732.5518 218.3674 1.5205 1.5753 3.6144 3.5856 1.3090 26.2450 -7.8554 0.9484
102 Car -1 -1 -7.8630 660.7972 170.6108 694.4763 203.4825 1.6257 1.6604 3.7809 3.7550 1.1368 36.9269 -7.7608 0.8553
102 Car -1 -1 -4.5122 560.9717 172.9274 586.6979 190.7564 1.5686 1.6014 3.8232 -2.7799 0.9023 64.2202 -4.5535 -0.5765
102 Car -1 -1 -4.9214 645.9686 172.7531 686.4368 199.5891 1.5764 1.6692 4.1004 3.7168 1.1214 43.6698 -4.8355 -2.0105
103 Car -1 -1 -8.2884 804.3713 175.2778 1116.8513 356.0769 1.5105 1.5864 3.4011 3.4113 1.4673 7.6289 -7.8814 2.5562
103 Car -1 -1 -8.0287 731.2495 176.9240 849.5296 266.5135 1.4918 1.5515 3.5022 3.3608 1.4326 13.5706 -7.7896 2.4931
103 Car -1 -1 -4.1265 130.6717 182.1942 271.9342 243.1444 1.5092 1.5752 3.7040 -11.0081 1.5608 19.5229 -4.6313 2.1156
103 Car -1 -1 -7.9981 695.9103 175.7947 776.7597 239.4741 1.5279 1.5764 3.6173 3.3465 1.4154 18.7971 -7.8231 2.0410
103 Car -1 -1 -7.9242 663.1510 174.6427 706.5909 211.0848 1.4710 1.5775 3.9584 3.3643 1.2348 30.5497 -7.8139 1.9236
103 Car -1 -1 -7.9465 683.3788 174.1029 740.7031 219.9279 1.5110 1.6552 3.8727 3.7170 1.3004 25.2921 -7.8007 1.2181
103 Car -1 -1 -4.5909 557.6641 172.1168 581.8035 192.6137 1.7220 1.6293 3.8897 -3.0154 1.0176 61.4002 -4.6380 0.4036
103 Car -1 -1 -8.5938 1047.3794 188.1671 1223.0000 369.0000 1.4775 1.5713 3.6692 3.1778 1.5246 2.3814 -7.7264 0.0795
103 Car -1 -1 -7.8575 662.1262 170.4729 697.0486 205.1319 1.6598 1.6672 3.9023 3.7561 1.1798 35.8868 -7.7524 -0.3902
103 Car -1 -1 -7.9283 700.6838 192.3458 1223.0000 369.0000 1.4530 1.5818 3.6868 1.5649 1.5332 2.7550 -7.4560 -0.7815
103 Car -1 -1 -4.8030 652.5761 173.0013 685.7015 200.0801 1.5569 1.6305 3.9740 3.8121 1.1259 42.6392 -4.7128 -1.4034
103 Car -1 -1 -7.5381 651.3660 170.7804 693.4899 198.8799 1.8131 1.6520 4.0670 4.6031 1.1860 47.8166 -7.4412 -2.1850
104 Car -1 -1 -8.0514 740.8273 177.9801 873.6644 277.0281 1.5082 1.5593 3.3866 3.3649 1.4702 12.5037 -7.7932 2.5533
104 Car -1 -1 -8.3096 830.6558 171.0328 1222.2104 369.0000 1.5615 1.5893 3.4896 3.4083 1.4966 6.6237 -7.8518 2.4606
104 Car -1 -1 -4.0575 77.5553 184.6052 244.7217 252.5964 1.5112 1.5631 3.8125 -11.0869 1.6272 17.9355 -4.6016 2.3963
104 Car -1 -1 -7.9988 700.1990 175.6813 784.5754 244.0207 1.5468 1.5605 3.4825 3.3062 1.4380 17.7723 -7.8164 1.9765
104 Car -1 -1 -7.9223 664.6848 175.6107 710.2867 214.1236 1.5050 1.6194 3.9136 3.3653 1.3142 29.6215 -7.8087 1.8382
104 Car -1 -1 -7.9411 685.9141 175.9862 742.7642 223.8255 1.5126 1.5915 3.6635 3.6387 1.3701 24.2326 -7.7924 1.6536
104 Car -1 -1 -4.6038 554.9562 176.6878 580.4260 195.5153 1.5047 1.6601 4.1854 -3.0462 1.2000 58.6440 -4.6538 -0.3673
104 Car -1 -1 -8.1891 784.4456 174.5540 859.8908 216.2256 1.5028 1.6764 3.6013 8.2720 1.2886 27.3330 -7.8968 -1.3087
104 Car -1 -1 -7.8259 672.2932 160.2876 690.6521 178.5335 1.7448 1.6944 4.1524 7.6506 -0.2016 70.2571 -7.7161 -2.1617
105 Car -1 -1 -8.0639 751.7153 182.4979 902.1361 289.2510 1.4576 1.5593 3.5240 3.3775 1.4956 11.5330 -7.7847 2.6289
105 Car -1 -1 -7.9238 666.7326 177.0605 715.2986 217.2163 1.5082 1.6608 3.9281 3.3777 1.3792 28.5570 -7.8057 2.4179
105 Car -1 -1 -8.3739 868.1204 169.4151 1223.0000 369.0000 1.5711 1.5244 3.4907 3.4346 1.5110 5.6097 -7.8474 2.3557
105 Car -1 -1 -4.0115 20.2615 186.3385 213.3128 261.5082 1.5008 1.5747 3.7993 -11.1230 1.6529 16.4010 -4.5968 2.2154
105 Car -1 -1 -8.0205 704.0565 179.9468 798.2950 249.6213 1.4750 1.5717 3.6261 3.3085 1.4637 16.8015 -7.8279 2.0532
105 Car -1 -1 -7.9940 686.7790 176.8201 751.3856 227.1366 1.5251 1.5872 3.6013 3.6328 1.4138 23.2422 -7.8393 1.5860
105 Car -1 -1 -4.4439 546.5033 177.2288 580.6046 196.8149 1.4879 1.6601 4.0892 -3.2242 1.2394 55.8875 -4.4995 0.2370
105 Car -1 -1 -7.9903 662.4596 170.5446 708.8439 209.8096 1.7711 1.6630 4.0652 3.7855 1.3223 33.9454 -7.8787 -0.0891
105 Car -1 -1 -4.5441 889.1147 166.9201 934.9952 196.1563 1.5243 1.6498 4.2085 16.9985 0.8164 39.0760 -4.1350 -0.6556
105 Car -1 -1 -4.7841 656.7100 174.9931 690.4312 204.7996 1.6142 1.6219 4.0315 3.8500 1.3161 40.3261 -4.6881 -0.7186
