0 Car -1 -1 -5.6500 439.4359 166.4255 532.2239 199.1066 1.4687 1.5945 4.1996 -5.6722 0.8364 33.4354 -5.8146 -0.8090
0 Car -1 -1 -6.2429 297.4505 165.7844 439.8472 222.0994 1.4210 1.5089 3.5034 -6.3186 1.0500 19.0399 -6.5563 -1.3415
0 Car -1 -1 -7.5567 399.5450 167.2811 459.1002 201.9534 1.4732 1.5803 3.7111 -7.8836 0.9118 31.9419 -7.7945 -1.3448
0 Car -1 -1 -2.7568 358.8923 166.7930 455.5562 198.6526 1.5079 1.6211 4.2486 -9.6368 0.8593 34.5167 -3.0248 -1.4629
0 Car -1 -1 -5.7947 439.8170 158.3002 526.6312 188.7305 1.5473 1.6509 4.2505 -6.4516 0.4186 37.4054 -5.9621 -1.5252
0 Car -1 -1 -6.1834 398.5509 163.3588 468.5666 188.3179 1.5652 1.6524 4.2267 -10.9692 0.4903 45.4398 -6.4168 -1.8619
0 Car -1 -1 -2.3916 84.6144 164.7642 271.2200 229.7558 1.4547 1.5985 3.7858 -10.2708 1.1028 17.0144 -2.9244 -2.1087
1 Car -1 -1 -5.9214 456.7402 165.0485 552.3777 197.7230 1.4842 1.6103 4.1687 -4.7392 0.7825 33.3643 -6.0592 -1.3886
1 Car -1 -1 -6.1790 399.3379 163.3257 468.0746 188.9469 1.6067 1.6510 4.1400 -10.9579 0.5298 45.4251 -6.4122 -1.8338
1 Car -1 -1 -3.0561 470.0688 157.9451 572.8138 194.6064 1.5235 1.6292 4.2390 -3.5374 0.5864 30.2541 -3.1692 -1.9282
1 Car -1 -1 -2.6750 383.6803 164.3284 489.8884 200.2649 1.5050 1.6305 4.2379 -7.3542 0.8279 30.9010 -2.9044 -2.0333
1 Car -1 -1 -5.8001 446.5505 156.7153 534.9808 186.7500 1.5242 1.6533 4.3440 -6.0470 0.3173 37.3611 -5.9571 -2.0715
2 Car -1 -1 -5.9811 469.4635 168.9458 568.9833 202.7002 1.5231 1.6260 4.3382 -4.0093 1.0020 33.1021 -6.0986 -1.6118
2 Car -1 -1 -7.8295 182.8364 160.5708 258.6780 223.1765 1.4421 1.5698 3.7445 -9.8996 0.9834 18.3128 -8.3157 -1.8108
2 Car -1 -1 -6.1643 536.9705 167.5555 642.0571 204.6402 1.5070 1.6375 4.2563 -0.6330 0.9812 29.7587 -6.1835 -1.9303
2 Car -1 -1 -4.1443 102.8775 162.9115 209.1902 204.5844 1.5578 1.6542 4.0896 -17.9629 0.9006 28.4859 -4.7000 -1.9465
2 Car -1 -1 -2.7080 416.4860 169.5406 533.5032 209.9068 1.5368 1.6587 4.3040 -5.2037 1.1198 28.2652 -2.8862 -2.1026
2 Car -1 -1 -4.2879 480.5759 166.9846 543.1734 198.6256 1.5158 1.6364 4.0385 -4.6903 0.8685 36.0431 -4.4143 -2.1508
2 Car -1 -1 -2.6321 377.8538 162.6597 474.2787 195.4408 1.5422 1.6490 4.3263 -8.7671 0.7031 34.6261 -2.8760 -2.1670
3 Car -1 -1 -2.3804 82.6078 163.2226 278.5207 227.7559 1.4762 1.6572 4.1746 -10.4764 1.0813 17.4581 -2.9108 -1.6263
3 Car -1 -1 -6.1988 399.2011 164.4168 468.3052 189.7573 1.5872 1.6602 4.1862 -10.9505 0.5799 45.4175 -6.4319 -1.7487
3 Car -1 -1 -4.5334 490.8427 169.8804 539.1821 203.1446 1.4802 1.6087 3.7750 -4.2084 1.0078 33.3926 -4.6558 -1.9624
3 Car -1 -1 -7.7860 63.9427 163.7860 124.9589 207.0065 1.5285 1.6112 3.7605 -19.4594 0.9376 27.0289 -8.4025 -2.0562
3 Car -1 -1 -7.5139 487.9344 165.3794 541.2183 195.9452 1.4909 1.5758 3.6932 -4.6187 0.7535 36.4605 -7.6369 -2.1450
3 Car -1 -1 -7.7718 532.6016 162.4538 570.8214 194.4501 1.5160 1.6051 3.6155 -2.6318 0.6611 35.3155 -7.8436 -2.1563
4 Car -1 -1 -2.9082 483.0159 168.7546 576.1033 201.0716 1.4613 1.5814 4.0666 -3.5107 0.9304 33.0191 -3.0113 -1.3752
4 Car -1 -1 -6.1858 398.2655 163.3587 468.3403 188.2945 1.5637 1.6532 4.2332 -10.9862 0.4888 45.4436 -6.4195 -1.8869
4 Car -1 -1 -3.7411 0.0000 168.7041 78.4521 219.8806 1.5080 1.5976 3.7533 -19.5155 1.1607 22.8568 -4.4391 -1.9402
4 Car -1 -1 -2.6655 0.0000 158.7560 62.7234 193.7127 1.5870 1.6861 4.1257 -28.4239 0.6000 33.3767 -3.3642 -2.0836
4 Car -1 -1 -6.1939 307.7678 167.1479 461.9462 224.4127 1.4464 1.5666 3.8180 -5.8362 1.1095 19.0096 -6.4852 -2.1166
5 Car -1 -1 -6.1950 399.7963 164.4479 467.6571 189.8328 1.5905 1.6501 4.1040 -10.9533 0.5848 45.4143 -6.4282 -1.8580
5 Car -1 -1 -2.6802 496.7457 162.1698 581.6526 192.7829 1.5039 1.6168 4.0336 -3.3871 0.6036 36.2195 -2.7706 -1.8790
5 Car -1 -1 -2.7755 467.4738 169.7908 563.0078 202.5652 1.4773 1.6201 4.1389 -4.2109 0.9948 33.1533 -2.8988 -2.0035
5 Car -1 -1 -6.1691 497.8367 162.4166 597.6580 198.6804 1.4969 1.6265 4.0710 -2.4088 0.7507 30.0735 -6.2463 -2.1690
6 Car -1 -1 -4.6322 524.6402 162.1578 571.7039 200.2971 1.4540 1.5909 4.0792 -2.2900 0.7550 28.9982 -4.7082 -1.8957
6 Car -1 -1 -6.0186 262.3263 164.9754 419.8932 222.7285 1.4354 1.5485 3.5769 -6.8400 1.0499 18.4917 -6.3653 -1.9047
6 Car -1 -1 -6.1943 398.0833 164.7047 467.9735 190.3722 1.6083 1.6701 4.2296 -11.0008 0.6187 45.4359 -6.4284 -2.0099
6 Car -1 -1 -7.4926 515.4785 157.9424 576.1678 191.7173 1.5264 1.6473 3.8519 -2.7994 0.5071 34.0338 -7.5720 -2.0622
6 Car -1 -1 -3.7427 0.0000 166.0590 70.9117 216.7609 1.4971 1.5597 3.5228 -19.5880 1.0710 22.7822 -4.4440 -2.0846
6 Car -1 -1 -2.8270 0.0000 158.5826 55.2279 194.5004 1.6002 1.6819 4.1643 -28.5609 0.6239 33.0717 -3.5326 -2.0888
6 Car -1 -1 -7.6900 508.7156 167.8860 551.7232 197.4383 1.4743 1.6642 3.6609 -3.8919 0.8452 37.1531 -7.7916 -2.1464
6 Car -1 -1 -7.6779 63.7356 163.2613 135.7526 207.4448 1.5611 1.5944 3.6487 -19.2024 0.9523 26.9720 -8.2891 -2.1613
6 Car -1 -1 -2.8630 118.2324 169.4596 256.0420 211.1291 1.4678 1.6163 4.1069 -15.3825 1.0791 26.1877 -3.3870 -2.1912
7 Car -1 -1 -6.2353 397.4601 164.0051 466.5573 189.0648 1.5689 1.6528 4.2386 -11.0722 0.5363 45.4723 -6.4706 -1.7874
7 Car -1 -1 -7.3848 0.9180 157.3464 85.2920 192.0789 1.6060 1.6354 3.9182 -27.5300 0.5356 34.7734 -8.0481 -2.0201
7 Car -1 -1 -6.1277 490.4817 164.1650 585.5211 196.7365 1.4794 1.6125 4.2231 -3.1091 0.7377 33.0552 -6.2187 -2.1007
7 Car -1 -1 -5.7323 449.0172 157.0867 538.0707 187.2474 1.5246 1.6712 4.4327 -5.9125 0.3412 37.3699 -5.8859 -2.1707
8 Car -1 -1 -5.9453 486.8125 167.1546 573.2840 196.5578 1.4694 1.6109 4.1524 -3.8787 0.8026 36.6003 -6.0481 -1.6127
8 Car -1 -1 -6.2162 398.9563 163.2876 466.1023 188.6369 1.5871 1.6527 4.0860 -11.0308 0.5095 45.4227 -6.4509 -1.7688
8 Car -1 -1 -7.4417 0.0000 144.3921 301.1895 358.9599 1.6960 1.6203 3.7698 -4.7167 1.4111 7.5599 -7.9789 -2.1081
9 Car -1 -1 -2.6902 481.4818 156.2366 577.3978 189.5871 1.4901 1.6132 4.1750 -3.5516 0.4062 33.0604 -2.7942 -1.6047
9 Car -1 -1 -4.7221 554.0708 170.3909 614.9887 221.4457 1.3243 1.5824 4.0651 -0.6510 1.0624 20.4026 -4.7516 -1.7413
9 Car -1 -1 -6.1714 305.7575 164.9611 455.0815 221.2617 1.4251 1.5445 3.6648 -5.9571 1.0321 18.9932 -6.4685 -1.7441
9 Car -1 -1 -3.0722 397.4450 163.4654 466.9061 188.5473 1.5712 1.6507 4.2302 -11.0589 0.5042 45.4541 -3.3073 -1.8279
9 Car -1 -1 -2.6753 497.5147 157.1821 585.6519 187.9135 1.5106 1.6353 4.2230 -3.2744 0.3646 36.2964 -2.7624 -1.8952
9 Car -1 -1 -2.4680 0.0000 163.6137 76.3552 211.0150 1.5101 1.5881 3.6885 -19.9536 0.9724 23.3641 -3.1661 -2.1774
10 Car -1 -1 -4.5153 513.3159 161.3400 568.7142 198.5670 1.4177 1.5267 3.8203 -2.5722 0.6883 28.9089 -4.6011 -1.5109
10 Car -1 -1 -5.7244 512.2673 163.8248 595.5767 195.7465 1.5455 1.6289 3.9551 -2.6223 0.7383 35.8783 -5.7948 -1.7124
10 Car -1 -1 -4.7391 572.6968 168.6332 628.9044 217.8831 1.3346 1.5260 3.7623 -0.2185 1.0133 21.0669 -4.7474 -2.0409
10 Car -1 -1 -7.6355 0.0000 151.0795 231.1770 355.5990 1.5514 1.6487 3.8450 -5.1783 1.3287 7.4538 -8.2208 -2.1014
11 Car -1 -1 -4.8352 581.2142 170.4596 652.2201 222.9786 1.3518 1.5450 3.8617 0.2043 1.0936 20.2029 -4.8234 -1.7805
11 Car -1 -1 -2.0412 0.0000 162.1053 72.5896 209.3685 1.5119 1.6475 3.9927 -20.3627 0.9238 24.1677 -2.7329 -1.9298
11 Car -1 -1 -6.1918 398.4852 164.5118 467.9722 190.1073 1.6038 1.6655 4.2008 -10.9863 0.6021 45.4255 -6.4257 -1.9469
11 Car -1 -1 -2.8671 0.0000 160.7434 54.4528 196.2224 1.5767 1.6669 4.1025 -28.5147 0.6989 33.0347 -3.5725 -1.9949
11 Car -1 -1 -7.3790 522.1300 168.5308 582.6982 199.1452 1.5285 1.6187 3.8211 -2.7343 0.9310 37.3752 -7.4496 -2.0855
11 Car -1 -1 -4.7097 526.3392 157.1853 568.6974 195.4616 1.4569 1.6108 4.0437 -2.3743 0.5697 28.9887 -4.7885 -2.1631
12 Car -1 -1 -2.6081 0.0000 156.5540 52.9919 197.1942 1.5283 1.6478 3.8794 -24.3535 0.6280 27.7457 -3.3208 -1.7349
12 Car -1 -1 -4.7264 597.5246 170.0993 654.1822 219.4480 1.3624 1.5645 4.1268 0.5642 1.0756 21.5936 -4.6988 -1.7673
12 Car -1 -1 -6.1943 398.0813 164.7240 467.9771 190.4118 1.6096 1.6705 4.2299 -11.0008 0.6211 45.4359 -6.4284 -2.0101
12 Car -1 -1 -2.6189 0.0000 162.4687 60.1858 196.2837 1.5410 1.6338 3.8494 -28.3571 0.7195 33.3609 -3.3167 -2.0298
12 Car -1 -1 -7.7245 0.0000 150.0646 235.1877 356.4488 1.5747 1.6826 3.9419 -5.0388 1.3429 7.5364 -8.2926 -2.0764
12 Car -1 -1 -4.8294 244.9570 166.0432 321.5498 222.4461 1.4729 1.5922 3.8924 -9.4543 1.0957 20.5427 -5.2529 -2.1010
13 Car -1 -1 -8.0879 213.5779 166.1213 343.7179 249.4451 1.4362 1.5648 3.6263 -6.6403 1.1887 14.0970 -8.5175 -1.5834
13 Car -1 -1 -7.6014 524.9859 150.9624 568.3756 180.0416 1.6540 1.6450 3.9648 -3.4495 -0.0288 42.3772 -7.6799 -1.6900
13 Car -1 -1 -3.8253 0.0000 165.7663 71.8428 217.2544 1.5146 1.5966 3.6107 -19.5110 1.0815 22.7206 -4.5260 -1.8092
13 Car -1 -1 -2.9044 0.0000 154.6832 43.6137 196.0971 1.5123 1.5704 3.7629 -24.3193 0.5698 27.3857 -3.6227 -1.8188
13 Car -1 -1 -7.3137 0.0000 153.3928 307.1045 358.7144 1.6085 1.6018 3.5404 -4.6719 1.3966 7.3146 -7.8606 -1.8937
13 Car -1 -1 -6.1933 398.0782 164.7775 467.9666 190.4725 1.6101 1.6703 4.2282 -11.0014 0.6250 45.4364 -6.4274 -2.0289
13 Car -1 -1 -7.6803 56.0704 159.1083 130.6499 204.5430 1.6010 1.6349 3.8711 -19.4668 0.8475 27.0138 -8.2972 -2.1311
14 Car -1 -1 -2.2411 146.9913 170.7406 351.4082 255.1853 1.4151 1.5572 3.5987 -6.7614 1.2520 13.3229 -2.6991 -0.9659
14 Car -1 -1 -2.5716 500.0983 159.3785 586.2194 190.3740 1.5056 1.6380 4.1450 -3.1844 0.4798 36.0357 -2.6569 -1.9516
14 Car -1 -1 -7.6780 526.0144 151.7724 565.2814 181.8287 1.7122 1.6564 4.0274 -3.5122 0.0758 42.3613 -7.7581 -2.0586
14 Car -1 -1 -6.2127 399.4133 165.0748 467.7989 190.3502 1.5830 1.6549 4.1614 -10.9636 0.6170 45.4349 -6.4460 -2.0858
15 Car -1 -1 -2.8125 486.2961 161.4443 571.3175 190.8129 1.4673 1.6020 4.0719 -3.9372 0.5154 36.5591 -2.9169 -1.6454
15 Car -1 -1 -7.5268 612.0278 162.5015 682.4959 204.4280 1.5426 1.6135 3.9415 1.7296 0.8806 28.1441 -7.4642 -1.8451
15 Car -1 -1 -6.1913 398.3408 163.8290 468.2277 188.9760 1.5765 1.6565 4.2281 -10.9875 0.5315 45.4458 -6.4250 -1.8675
15 Car -1 -1 -7.6689 138.8887 164.3778 202.5947 202.8572 1.5194 1.6231 3.6940 -18.3192 0.8830 29.9326 -8.2114 -2.0563
15 Car -1 -1 -2.4672 409.9949 164.2648 492.4462 193.2950 1.5017 1.6326 4.2812 -8.3500 0.6620 38.2622 -2.6785 -2.0917
15 Car -1 -1 -7.6158 287.4618 160.9940 389.1384 226.1987 1.4562 1.5503 3.5254 -6.5587 1.0209 17.6271 -7.9640 -2.1852
16 Car -1 -1 -2.6964 476.8883 158.9060 557.3182 188.1403 1.4613 1.5513 3.8501 -4.5713 0.3821 36.6904 -2.8173 -1.7042
16 Car -1 -1 -3.0831 397.3685 163.5791 466.7613 188.6205 1.5682 1.6523 4.2415 -11.0672 0.5086 45.4635 -3.3184 -1.8995
16 Car -1 -1 -4.4996 91.4494 164.7506 183.5078 217.7984 1.5289 1.6137 3.9334 -14.7764 1.0753 22.5024 -5.0722 -1.9334
16 Car -1 -1 -7.4167 1.5488 155.9932 83.5754 190.9840 1.6178 1.6410 3.8996 -27.5603 0.4849 34.7739 -8.0804 -1.9434
16 Car -1 -1 -2.4245 473.6460 157.7671 563.2808 192.7573 1.5277 1.6322 4.0341 -4.0510 0.5354 32.6789 -2.5447 -2.0401
16 Car -1 -1 -2.9831 472.5074 155.5177 579.1279 191.7791 1.5004 1.6403 4.3167 -3.3525 0.4669 30.1854 -3.0904 -2.1042
17 Car -1 -1 -2.9529 106.8277 166.2393 283.2788 220.4499 1.4727 1.6041 4.2227 -11.8256 1.0856 20.6386 -3.4646 -1.2969
17 Car -1 -1 -2.6763 466.9302 158.6247 553.9327 188.3066 1.4896 1.6259 4.2274 -4.9538 0.3919 36.9455 -2.8064 -1.7312
17 Car -1 -1 -3.0837 397.5488 163.6556 466.8188 188.8435 1.5772 1.6528 4.2344 -11.0588 0.5225 45.4598 -3.3188 -1.7595
17 Car -1 -1 -6.0811 467.1835 163.9198 560.6213 197.3636 1.5165 1.6146 4.0864 -4.2341 0.7649 33.0247 -6.2055 -1.9149
17 Car -1 -1 -7.7801 142.5233 162.8831 195.6542 201.3431 1.5128 1.6153 3.7021 -18.3389 0.8201 29.8265 -8.3247 -1.9923
17 Car -1 -1 -6.9134 243.9777 161.8583 397.6474 221.8284 1.4340 1.5945 3.5277 -7.4911 0.9886 18.8227 -7.2843 -2.0300
17 Car -1 -1 -4.3844 268.7438 167.5105 405.4473 249.9198 1.3994 1.4707 3.2042 -5.0521 1.1792 13.6213 -4.7300 -2.1796
17 Car -1 -1 -4.5079 86.2731 163.9898 178.7267 216.8621 1.5061 1.6212 3.9224 -14.7746 1.0361 22.2627 -5.0853 -2.1835
18 Car -1 -1 -4.4588 89.4395 163.5036 186.5234 217.6207 1.5713 1.6267 3.9272 -14.8499 1.0781 22.6491 -5.0308 -1.6852
18 Car -1 -1 -4.6701 237.1369 163.5392 335.7858 248.5171 1.4962 1.6240 4.1992 -6.5166 1.1980 14.7005 -5.0774 -1.7706
18 Car -1 -1 -5.8816 471.8741 157.0775 566.4382 190.9946 1.5207 1.6115 4.0834 -4.0205 0.4707 33.0466 -5.9995 -1.8158
18 Car -1 -1 -2.6475 448.9315 159.8983 536.5798 189.6698 1.5021 1.6240 4.2943 -5.9117 0.4628 37.1548 -2.8019 -1.8227
18 Car -1 -1 -6.2447 395.3232 164.6464 460.6773 189.7850 1.5625 1.6484 3.9810 -11.2556 0.5772 45.1533 -6.4855 -1.8248
18 Car -1 -1 -7.7763 62.0537 161.3135 124.5076 205.1388 1.5452 1.6104 3.8176 -19.4657 0.8690 26.9801 -8.3938 -1.9077
18 Car -1 -1 -7.8436 539.8714 150.3418 572.0569 181.0365 1.5856 1.6610 4.0095 -2.6646 0.0279 38.5727 -7.9099 -1.9587
19 Car -1 -1 -2.6316 443.6532 162.0982 531.1951 191.6862 1.4989 1.6383 4.3093 -6.2207 0.5668 37.3240 -2.7934 -1.4732
19 Car -1 -1 -8.3187 527.2825 149.0685 581.6982 178.0354 1.6411 1.6646 3.9690 -3.0986 -0.1557 42.5515 -8.3887 -1.4906
19 Car -1 -1 -2.0723 115.2776 167.4051 273.6310 234.1421 1.5130 1.6686 4.1751 -10.4373 1.2164 17.8307 -2.5922 -1.5668
19 Car -1 -1 -2.9901 0.0000 152.4926 44.9830 194.4193 1.5309 1.5524 3.5315 -24.0863 0.5085 27.4136 -3.7032 -1.6401
19 Car -1 -1 -6.1943 398.0891 164.6192 467.9626 190.2327 1.6049 1.6693 4.2286 -11.0010 0.6099 45.4356 -6.4284 -2.0070
19 Car -1 -1 -2.8388 0.0000 159.7145 55.1517 194.8027 1.5640 1.6547 4.0542 -28.4880 0.6377 33.0701 -3.5432 -2.0466
20 Car -1 -1 -2.7088 453.6424 165.7099 540.1631 194.7998 1.4672 1.5909 4.1985 -5.6646 0.7214 37.0129 -2.8575 -1.1340
20 Car -1 -1 -4.3926 543.2073 161.4196 595.6376 190.4358 1.4920 1.6348 4.1226 -1.8895 0.5110 38.5604 -4.4392 -1.3099
20 Car -1 -1 -4.1816 243.2951 170.4435 403.7323 250.0945 1.3819 1.4687 3.2659 -5.4517 1.2078 14.0004 -4.5432 -1.6198
20 Car -1 -1 -6.1903 399.2947 162.6819 466.4925 187.8941 1.5797 1.6479 4.0545 -11.0052 0.4634 45.4031 -6.4246 -1.7354
20 Car -1 -1 -2.8259 447.8590 162.2016 556.3102 197.7760 1.4570 1.6044 4.2861 -4.3780 0.7078 30.1215 -2.9668 -1.7904
21 Car -1 -1 -5.8390 454.8287 162.5769 537.9145 191.9348 1.4815 1.5744 4.0136 -5.6936 0.5772 37.0156 -5.9884 -1.1518
21 Car -1 -1 -5.9983 391.1068 160.9153 478.2245 189.6303 1.5137 1.6221 4.2928 -9.1740 0.4815 38.1963 -6.2302 -1.7921
21 Car -1 -1 -8.2015 331.1197 171.6209 467.4557 256.8994 1.3491 1.4461 2.9660 -3.8494 1.2091 12.8099 -8.4846 -1.8229
21 Car -1 -1 -4.6816 537.0247 156.3846 579.5089 196.0171 1.5106 1.6041 4.0746 -1.8826 0.5917 29.0105 -4.7436 -2.0488
21 Car -1 -1 -4.4736 86.4354 165.5805 181.9692 218.0220 1.5016 1.6065 3.8740 -14.7687 1.0747 22.3387 -5.0493 -2.0863
21 Car -1 -1 -2.8159 370.6802 166.9307 468.3074 198.6030 1.5068 1.6500 4.3241 -9.0574 0.8614 34.6212 -3.0676 -2.1523
22 Car -1 -1 -2.9563 0.0000 153.8377 45.5293 195.7791 1.5340 1.5560 3.5341 -24.0968 0.5591 27.4228 -3.6694 -1.4527
22 Car -1 -1 -2.0895 112.2094 164.6384 273.2205 230.1582 1.4861 1.6533 4.2077 -10.4696 1.1267 17.8150 -2.6111 -1.5105
22 Car -1 -1 -2.7146 444.9620 163.9341 531.5349 193.4949 1.4943 1.6131 4.1878 -6.1240 0.6570 37.0706 -2.8750 -1.5357
22 Car -1 -1 -2.6351 0.0000 161.7932 60.4672 195.4349 1.5316 1.6270 3.8845 -28.3617 0.6801 33.3575 -3.3331 -1.8827
22 Car -1 -1 -7.2823 414.8934 162.4315 476.2883 191.1697 1.4990 1.5877 3.6007 -8.7106 0.5567 38.8441 -7.4992 -1.9329
22 Car -1 -1 -7.2362 549.1358 159.2450 609.5352 187.6112 1.5280 1.5935 3.6540 -1.4201 0.3832 40.0490 -7.2694 -2.0313
23 Car -1 -1 -5.9626 372.2136 166.3715 467.1282 198.0543 1.5035 1.6401 4.1786 -9.0217 0.8332 34.5154 -6.2141 -1.0124
23 Car -1 -1 -2.6809 437.1950 166.3313 525.0245 195.9254 1.5056 1.6407 4.2925 -6.5537 0.7849 37.3708 -2.8512 -1.0813
23 Car -1 -1 -2.1930 97.4207 165.0728 271.5830 231.1437 1.4862 1.6458 4.0896 -10.4536 1.1396 17.4897 -2.7218 -1.2088
23 Car -1 -1 -2.8433 0.0000 160.0641 57.5749 195.2327 1.5656 1.6658 4.1732 -28.4371 0.6560 33.0630 -3.5469 -1.5943
23 Car -1 -1 -2.9496 0.0000 154.3999 43.8472 195.7830 1.5086 1.5561 3.7350 -24.2639 0.5574 27.3844 -3.6668 -1.6824
23 Car -1 -1 -7.2181 551.6265 161.3991 615.4224 190.8533 1.5861 1.6460 3.8576 -1.1812 0.5576 40.1269 -7.2454 -1.9715
23 Car -1 -1 -6.2631 353.9943 162.3370 439.1989 192.3968 1.5508 1.6381 4.2831 -11.1096 0.6139 37.8213 -6.5445 -2.1264
24 Car -1 -1 -2.7751 358.4939 166.1739 454.9256 198.2103 1.5175 1.6296 4.2304 -9.6570 0.8391 34.5103 -3.0437 -1.2351
24 Car -1 -1 -2.7109 437.8832 158.7061 525.4747 188.3349 1.5110 1.6270 4.2769 -6.5243 0.3997 37.3965 -2.8801 -1.5971
24 Car -1 -1 -6.0323 444.6623 160.1908 556.9993 197.5896 1.5416 1.6542 4.4777 -4.4304 0.7047 30.2109 -6.1745 -1.6885
24 Car -1 -1 -5.7302 443.3139 148.9724 535.8636 182.5474 1.5136 1.6156 4.0764 -5.4761 0.0925 33.4030 -5.8890 -1.7561
24 Car -1 -1 -2.6275 372.2819 168.2099 476.3865 203.4217 1.4764 1.6195 4.1642 -7.9231 0.9613 30.9778 -2.8736 -2.0645
24 Car -1 -1 -6.2787 355.0074 161.2762 440.7491 191.6953 1.5683 1.6375 4.3122 -11.0541 0.5773 37.8271 -6.5588 -2.1090
25 Car -1 -1 -5.8774 370.6757 171.3279 464.8138 202.8759 1.4889 1.6098 4.1400 -9.1185 1.0562 34.4765 -6.1318 -1.1477
25 Car -1 -1 -2.6519 448.2331 154.6347 535.6682 184.6179 1.5189 1.6401 4.2890 -5.9753 0.2088 37.2975 -2.8073 -1.3330
25 Car -1 -1 -5.9201 451.4044 164.2795 559.2978 200.9036 1.4955 1.6122 4.2594 -4.2492 0.8334 30.1349 -6.0568 -1.8507
25 Car -1 -1 -7.5014 403.5864 164.2768 467.7785 198.6552 1.4556 1.5970 3.7811 -7.5843 0.7689 31.9109 -7.7306 -1.8901
25 Car -1 -1 -7.9579 60.4216 162.3522 124.9191 205.3923 1.5168 1.6205 3.7801 -19.5391 0.8775 26.8689 -8.5791 -1.9160
25 Car -1 -1 -7.2626 452.9533 147.1961 525.6906 180.6675 1.5404 1.6287 3.8673 -5.6137 0.0079 34.6352 -7.4196 -2.0366
25 Car -1 -1 -4.9185 224.4495 162.0181 313.0490 217.0742 1.4417 1.5806 3.8426 -9.8651 0.9580 20.5243 -5.3585 -2.1757
26 Car -1 -1 -5.6845 439.8225 163.5582 523.6194 193.0948 1.4872 1.6041 4.1660 -6.5100 0.6343 37.1968 -5.8544 -1.1173
26 Car -1 -1 -2.7500 384.8361 171.7619 473.1378 203.1941 1.4782 1.5758 3.8509 -8.5339 1.0675 34.3223 -2.9897 -1.4254
26 Car -1 -1 -6.0115 460.7190 161.1856 571.8752 198.8460 1.5418 1.6566 4.4118 -3.7631 0.7513 30.0969 -6.1326 -1.8628
26 Car -1 -1 -7.4602 0.0000 154.7413 78.0009 190.2297 1.6292 1.6298 3.8566 -27.5700 0.4469 34.5355 -8.1274 -2.1879
27 Car -1 -1 -5.7369 426.8226 165.3332 513.9448 195.0634 1.5154 1.6200 4.3394 -7.1682 0.7425 37.5633 -5.9221 -0.4420
27 Car -1 -1 -3.0207 0.0000 154.6423 43.6551 196.3523 1.5207 1.5449 3.5214 -24.1010 0.5782 27.4025 -3.7343 -1.6194
27 Car -1 -1 -2.8362 0.0000 159.5940 57.2425 194.6949 1.5637 1.6624 4.1202 -28.4228 0.6326 33.0626 -3.5395 -1.8507
27 Car -1 -1 -2.7579 415.1388 169.4327 534.9316 208.5106 1.4900 1.6555 4.4041 -5.1845 1.0682 28.2187 -2.9357 -1.9963
28 Car -1 -1 -4.5645 484.7634 162.8905 538.7543 202.9466 1.5240 1.5960 4.0679 -3.7681 0.8542 28.9514 -4.6906 -1.4493
28 Car -1 -1 -2.3647 341.2029 160.9349 449.2100 204.7637 1.4760 1.5709 3.6733 -7.5734 0.8174 25.3716 -2.6493 -1.7333
28 Car -1 -1 -2.5878 415.8643 160.0394 502.4614 189.9204 1.5361 1.6536 4.3220 -7.8252 0.4844 37.8712 -2.7879 -1.7556
28 Car -1 -1 -2.8593 0.0000 160.0227 56.4306 195.9125 1.5951 1.6834 4.2007 -28.4983 0.6852 33.0529 -3.5642 -1.8811
28 Car -1 -1 -4.5079 547.1009 161.3678 604.7914 201.4088 1.5304 1.5969 3.9359 -1.1488 0.7994 29.0968 -4.5450 -1.9614
28 Car -1 -1 -2.1342 106.7192 161.3107 272.0824 227.6741 1.4812 1.6358 4.0280 -10.3182 1.0532 17.4405 -2.6584 -1.9689
28 Car -1 -1 -2.9536 0.0000 155.4166 44.4548 196.4983 1.4993 1.5467 3.6614 -24.1979 0.5841 27.3943 -3.6693 -1.9950
29 Car -1 -1 -7.5468 551.5155 162.5561 601.8013 193.3109 1.4905 1.5769 3.5119 -1.4148 0.6210 36.1689 -7.5837 -1.3043
29 Car -1 -1 -4.7490 448.3224 173.6861 503.1949 221.5103 1.3077 1.4873 3.7592 -4.0008 1.1217 21.3296 -4.9299 -1.3128
29 Car -1 -1 -2.6127 416.8350 163.4265 503.7086 193.6514 1.5545 1.6597 4.3099 -7.7574 0.6765 37.8475 -2.8113 -1.4158
29 Car -1 -1 -7.9547 224.3945 167.0217 277.0551 205.3365 1.4703 1.5881 3.6991 -14.6614 0.9533 29.1219 -8.4148 -1.6294
29 Car -1 -1 -2.6252 0.0000 159.8243 115.8537 205.5702 1.6173 1.7459 4.5916 -21.1389 0.8866 26.2131 -3.2959 -1.7383
29 Car -1 -1 -7.7271 492.4402 154.1360 533.6179 186.0078 1.5905 1.6510 3.9884 -4.8076 0.2750 37.2805 -7.8522 -1.9337
29 Car -1 -1 -7.7058 142.0558 163.7080 201.4096 202.0126 1.5163 1.6028 3.6429 -18.3129 0.8518 29.9791 -8.2475 -2.0282
29 Car -1 -1 -8.2592 536.4811 152.0466 589.4212 181.6615 1.6993 1.6925 4.1699 -2.6110 0.0668 42.8145 -8.3176 -2.1602
29 Car -1 -1 -5.9844 351.8167 167.4262 448.3739 198.7934 1.4974 1.6425 4.2460 -9.9999 0.8735 34.6204 -6.2612 -2.1728
29 Car -1 -1 -3.8969 0.0000 166.3870 79.3646 217.3041 1.5025 1.5789 3.5965 -19.2019 1.0864 22.7461 -4.5892 -2.1748
30 Car -1 -1 -2.6844 414.6296 162.0702 502.2407 191.7078 1.5269 1.6508 4.2976 -7.8295 0.5776 37.7707 -2.8851 -1.4710
30 Car -1 -1 -4.6921 550.5198 164.9340 591.6214 204.2912 1.4963 1.5624 3.7522 -1.3665 0.9048 28.7763 -4.7371 -1.7992
30 Car -1 -1 -2.7421 404.2555 156.8766 500.2808 189.1320 1.5063 1.6234 4.2472 -7.3852 0.4033 34.2188 -2.9507 -1.9638
31 Car -1 -1 -2.6569 458.4257 166.8083 543.1236 196.0880 1.4739 1.5970 4.1209 -5.4718 0.7848 37.0330 -2.8004 -0.8487
31 Car -1 -1 -6.0910 457.9880 165.9902 566.1065 202.2907 1.5019 1.6387 4.3463 -3.9459 0.9018 30.2136 -6.2177 -1.4297
31 Car -1 -1 -2.7302 381.5753 165.4123 487.6740 200.6047 1.4799 1.6114 4.2177 -7.4398 0.8457 30.9026 -2.9622 -1.4618
31 Car -1 -1 -2.7500 372.9341 173.1917 463.9637 204.3086 1.4731 1.6069 3.9903 -9.1000 1.1273 34.5420 -3.0035 -1.4696
31 Car -1 -1 -4.6391 411.1576 176.9652 461.8077 218.5515 1.4536 1.5697 3.8228 -6.3274 1.3303 26.7239 -4.8672 -2.1250
31 Car -1 -1 -2.2135 99.5152 166.4601 270.2123 231.7862 1.4649 1.6170 3.8795 -10.3561 1.1504 17.3550 -2.7414 -2.1594
32 Car -1 -1 -2.6016 460.6307 169.2552 542.1587 198.4733 1.4670 1.6020 3.9639 -5.4407 0.9026 37.0050 -2.7445 -1.1977
32 Car -1 -1 -7.5738 552.5357 167.6841 601.9741 198.6494 1.5035 1.6005 3.5797 -1.3865 0.8814 36.2594 -7.6099 -1.3686
32 Car -1 -1 -2.7343 380.2730 165.8865 475.3263 197.5502 1.4884 1.6098 4.1897 -8.6052 0.8016 34.3756 -2.9755 -1.8232
32 Car -1 -1 -2.5194 466.7425 157.6555 553.1130 190.8107 1.4960 1.6045 3.8448 -4.5401 0.4654 33.5171 -2.6508 -1.9161
32 Car -1 -1 -7.6930 141.7898 162.2567 202.5268 200.9989 1.5342 1.6108 3.6466 -18.3006 0.8120 29.9918 -8.2342 -1.9743
32 Car -1 -1 -6.2364 398.0170 161.5148 467.3564 187.1132 1.6023 1.6597 4.2558 -11.0276 0.4140 45.4702 -6.4708 -2.0607
32 Car -1 -1 -4.6244 554.7094 163.8301 601.7158 203.1835 1.4978 1.5759 3.8878 -1.0588 0.8636 28.8945 -4.6588 -2.1373
32 Car -1 -1 -7.4301 0.0000 157.8980 79.0460 192.3322 1.5824 1.6231 3.8704 -27.5937 0.5439 34.5660 -8.0973 -2.1754
33 Car -1 -1 -5.9845 458.3644 169.9294 564.0744 206.4955 1.4970 1.6192 4.1689 -3.9844 1.0645 30.0973 -6.1129 -1.1389
33 Car -1 -1 -7.7697 347.2978 148.1857 384.1194 181.6556 1.7990 1.6484 3.7703 -13.5072 0.0622 40.0289 -8.0906 -1.2619
33 Car -1 -1 -7.6248 494.6695 169.7433 540.2535 198.7948 1.4581 1.5983 3.6431 -4.5893 0.9184 37.3862 -7.7441 -1.6047
33 Car -1 -1 -6.1746 398.0822 164.5908 466.6637 189.7474 1.5783 1.6501 4.1246 -11.0474 0.5803 45.4393 -6.4096 -1.7764
33 Car -1 -1 -7.8093 569.9590 167.6824 609.7562 204.3291 1.4930 1.5580 3.6410 -0.6306 0.9710 30.6460 -7.8279 -2.0221
33 Car -1 -1 -2.4525 380.2960 174.4881 477.5779 212.0235 1.4217 1.5527 3.6146 -7.0718 1.1943 28.2641 -2.6932 -2.1277
33 Car -1 -1 -2.8249 0.0000 152.3186 115.7559 197.9046 1.5893 1.7098 4.3968 -21.0134 0.6071 26.2097 -3.4927 -2.1348
34 Car -1 -1 -4.5162 482.8835 174.5546 542.0394 213.9503 1.4968 1.6218 4.0963 -3.7349 1.2712 28.9645 -4.6413 -1.4954
34 Car -1 -1 -2.7857 392.4371 177.6182 503.8379 216.1043 1.4757 1.5899 4.0348 -6.2411 1.3654 28.1828 -2.9996 -1.6217
34 Car -1 -1 -7.5424 497.4468 167.9526 547.3705 197.2936 1.4647 1.5516 3.6796 -4.3096 0.8385 37.2530 -7.6547 -1.6792
34 Car -1 -1 -8.2116 537.7228 148.9102 587.1914 178.7994 1.7042 1.6733 4.0515 -2.6347 -0.1080 42.7546 -8.2706 -1.7550
34 Car -1 -1 -7.7307 143.9775 160.6690 201.2111 199.9623 1.5601 1.6190 3.6307 -18.3294 0.7730 30.0609 -8.2716 -1.8806
34 Car -1 -1 -6.2491 397.6396 162.4244 467.4198 188.8348 1.6514 1.6759 4.2843 -11.0414 0.5213 45.4599 -6.4838 -1.9172
34 Car -1 -1 -2.6348 0.0000 159.4582 60.6934 193.6057 1.5530 1.6504 3.8795 -28.3371 0.5962 33.3349 -3.3327 -2.0753
34 Car -1 -1 -2.0716 118.4981 167.0857 272.5519 232.1612 1.4470 1.6031 3.9544 -10.1808 1.1491 17.4403 -2.5901 -2.1497
35 Car -1 -1 -3.0896 500.8442 160.6862 593.9473 197.3921 1.5172 1.6185 3.8482 -2.4294 0.6984 30.0838 -3.1674 -1.2208
35 Car -1 -1 -2.6006 0.0000 160.4954 116.8187 205.0002 1.5770 1.7262 4.5982 -21.0866 0.8684 26.2052 -3.2703 -1.8420
35 Car -1 -1 -2.6924 450.1806 157.7164 538.4644 187.7798 1.5283 1.6611 4.3186 -5.8556 0.3702 37.3694 -2.8446 -1.8506
35 Car -1 -1 -4.6001 133.9660 161.0462 196.1284 202.5153 1.5337 1.6446 4.0305 -17.5563 0.8145 28.3235 -5.1480 -2.1351
35 Car -1 -1 -2.8399 0.0000 158.3807 55.6024 194.7971 1.6208 1.6923 4.1664 -28.5365 0.6365 33.0655 -3.5452 -2.1723
35 Car -1 -1 -6.2430 398.1507 162.6359 467.4636 188.3371 1.6084 1.6654 4.2588 -11.0228 0.4905 45.4740 -6.4773 -2.1925
36 Car -1 -1 -6.1923 398.4789 163.7557 468.0508 189.0174 1.5835 1.6554 4.2092 -10.9877 0.5340 45.4405 -6.4261 -1.7482
37 Car -1 -1 -4.7294 559.6844 171.6803 600.6884 209.3612 1.4304 1.5583 3.7029 -1.0681 1.0958 28.7298 -4.7643 -1.7027
37 Car -1 -1 -6.1970 397.6838 164.4961 468.1355 189.7607 1.5833 1.6618 4.2697 -11.0101 0.5804 45.4452 -6.4312 -1.8363
37 Car -1 -1 -7.9584 490.4299 148.7960 525.0854 181.0563 1.8177 1.6484 3.8108 -5.8114 0.0315 41.8847 -8.0931 -1.8667
37 Car -1 -1 -2.6360 449.4905 153.7841 534.9551 183.3861 1.4926 1.6098 4.1762 -5.9355 0.1457 37.1238 -2.7911 -1.9055
37 Car -1 -1 -2.8560 0.0000 160.9578 55.9288 196.9627 1.6006 1.6847 4.1685 -28.5025 0.7320 33.0502 -3.5610 -1.9331
37 Car -1 -1 -2.0741 113.1053 161.8143 271.9417 228.0557 1.5022 1.6519 4.2097 -10.4882 1.0788 17.8329 -2.5960 -1.9517
37 Car -1 -1 -2.9171 0.0000 155.0005 43.9185 196.3627 1.5104 1.5670 3.7404 -24.2922 0.5795 27.3937 -3.6347 -2.0793
38 Car -1 -1 -2.7188 463.9358 162.5573 552.6911 194.9455 1.4687 1.5653 3.8469 -4.5711 0.6553 33.3629 -2.8518 -1.3008
38 Car -1 -1 -2.0755 112.5515 163.2498 272.0419 229.0096 1.4882 1.6571 4.2067 -10.4733 1.0981 17.7983 -2.5976 -1.3547
38 Car -1 -1 -3.0161 0.0000 156.0307 45.2489 197.4455 1.5112 1.5474 3.5527 -24.0805 0.6186 27.4284 -3.7288 -1.8078
38 Car -1 -1 -7.7702 62.3397 158.6397 126.1394 202.1456 1.5407 1.6390 3.8250 -19.5147 0.7668 27.1023 -8.3867 -1.9108
38 Car -1 -1 -6.1943 398.0869 164.6607 467.9685 190.3069 1.6070 1.6699 4.2290 -11.0009 0.6146 45.4358 -6.4284 -2.0085
38 Car -1 -1 -2.8627 0.0000 159.4556 54.5292 195.2240 1.5905 1.6683 4.0955 -28.5182 0.6549 33.0467 -3.5680 -2.0591
38 Car -1 -1 -5.7591 421.7731 163.4322 507.4481 193.0870 1.5241 1.6471 4.2410 -7.5171 0.6471 37.8072 -5.9519 -2.1447
39 Car -1 -1 -7.9824 57.6486 163.5183 124.9609 206.0327 1.5051 1.6336 3.6981 -19.6406 0.9042 26.9403 -8.6048 -1.3339
39 Car -1 -1 -7.5451 612.8319 161.0350 681.9432 205.2316 1.6262 1.6273 3.9135 1.7332 0.9103 28.1347 -7.4824 -2.1039
39 Car -1 -1 -6.2391 398.1299 162.4828 467.4326 188.0990 1.6033 1.6634 4.2577 -11.0220 0.4757 45.4735 -6.4734 -2.1611
40 Car -1 -1 -8.0340 571.0575 168.8644 625.8663 207.7690 1.4821 1.5851 3.7681 -0.3606 1.0391 28.9354 -8.0445 -1.3712
40 Car -1 -1 -2.0629 120.7563 167.7466 269.2895 232.1076 1.4318 1.5743 3.7915 -10.1685 1.1484 17.4025 -2.5818 -1.9020
40 Car -1 -1 -5.9379 285.6285 167.8157 441.1826 222.3206 1.4043 1.5284 3.6599 -6.4622 1.0778 19.0264 -6.2583 -2.0306
40 Car -1 -1 -6.4841 468.7042 153.3488 537.9889 183.1375 1.6564 1.6294 3.6989 -5.8708 0.1468 40.7013 -6.6242 -2.1470
40 Car -1 -1 -7.5367 132.5868 155.1983 207.9732 195.1777 1.5820 1.6364 3.6664 -18.3336 0.5810 29.9474 -8.0792 -2.1476
40 Car -1 -1 -5.2222 562.7788 168.1976 667.8014 215.5403 1.3872 1.5862 4.0984 0.1929 1.0270 22.8957 -5.2120 -2.1949
41 Car -1 -1 -3.0764 427.3708 149.6872 515.3544 182.1516 1.6004 1.6763 4.2900 -6.7433 0.0816 35.9384 -3.2582 -2.1146
41 Car -1 -1 -4.8970 226.2051 167.7105 312.2108 224.0780 1.4741 1.5800 3.8854 -9.8551 1.1399 20.5283 -5.3366 -2.1404
41 Car -1 -1 -7.4609 0.0000 155.0116 75.8961 189.3836 1.5795 1.6195 3.7240 -27.6161 0.4084 34.5038 -8.1293 -2.1857
42 Car -1 -1 -2.7551 0.0000 156.5396 121.0010 201.4398 1.5910 1.7216 4.5418 -21.1132 0.7423 26.5058 -3.4199 -1.3569
42 Car -1 -1 -2.6955 555.9142 167.3420 697.9653 218.4976 1.3836 1.5427 3.8678 0.5842 1.0280 20.6951 -2.6658 -1.6891
42 Car -1 -1 -7.6902 144.5934 162.5676 205.1091 200.2111 1.4913 1.5964 3.6582 -18.1947 0.7811 30.0052 -8.2287 -1.8548
42 Car -1 -1 -7.6508 396.8395 155.2861 434.8707 183.1933 1.7509 1.6466 3.8852 -12.3486 0.1690 46.3435 -7.9075 -2.1255
42 Car -1 -1 -2.4551 78.1864 167.0021 271.2693 232.1095 1.4635 1.6146 3.8170 -10.3055 1.1604 16.9791 -2.9903 -2.1784
43 Car -1 -1 -7.9435 576.4501 164.8641 622.8459 203.7917 1.4860 1.5665 3.6633 -0.3032 0.8893 28.8897 -7.9520 -1.4604
43 Car -1 -1 -7.4527 0.0000 155.8579 78.5307 190.4108 1.5895 1.6166 3.8289 -27.5805 0.4561 34.5852 -8.1194 -1.6869
43 Car -1 -1 -5.8505 418.4300 161.4222 503.2740 190.8933 1.5208 1.6456 4.1334 -7.6966 0.5365 37.7687 -6.0479 -2.0038
43 Car -1 -1 -7.5707 602.1174 163.7030 666.9498 203.9149 1.5376 1.6340 3.9224 1.2640 0.8955 29.1547 -7.5260 -2.0882
44 Car -1 -1 -5.4104 0.0000 0.0000 1223.0000 369.0000 1.4325 1.4906 3.4184 3.0315 1.4828 1.7883 -4.4464 -1.7575
44 Car -1 -1 -2.7223 409.4413 163.7121 497.0909 193.6936 1.5520 1.6660 4.2839 -8.1186 0.6831 37.8639 -2.9299 -1.9391
44 Car -1 -1 -7.4747 0.1712 156.7870 76.4408 191.6878 1.6058 1.6202 3.7392 -27.6059 0.5149 34.5545 -8.1423 -1.9827
44 Car -1 -1 -5.9203 360.4757 159.0073 452.9354 190.4706 1.4959 1.5900 4.0576 -9.6841 0.4742 34.5996 -6.1888 -2.1563
44 Car -1 -1 -2.5047 75.4822 167.2354 270.1974 231.6225 1.4559 1.6056 3.7907 -10.3352 1.1563 16.9766 -3.0413 -2.1903
45 Car -1 -1 -5.9004 477.1551 157.1597 564.8708 187.3383 1.5071 1.6197 4.2157 -4.3564 0.3417 36.6478 -6.0157 -1.1742
45 Car -1 -1 -2.7724 449.3078 157.0448 549.3248 189.9161 1.4922 1.6238 4.3793 -4.9883 0.4276 33.3744 -2.9173 -1.7283
45 Car -1 -1 -4.8733 519.2467 153.4232 570.3752 189.9787 1.4935 1.6123 3.9918 -2.7279 0.3875 31.0192 -4.9581 -1.8320
45 Car -1 -1 -7.7116 175.9359 162.9184 268.8231 224.6308 1.4360 1.5756 3.7785 -9.9158 1.0272 18.4964 -8.1945 -1.8511
45 Car -1 -1 -2.6246 0.0000 158.1963 60.7293 192.2562 1.5493 1.6582 3.9448 -28.3715 0.5350 33.3336 -3.3230 -1.9932
46 Car -1 -1 -2.9354 491.4373 165.4889 580.7177 197.8043 1.4610 1.5832 3.9012 -3.2000 0.7825 32.9706 -3.0294 -1.2599
46 Car -1 -1 -5.7939 479.1859 160.3170 569.4963 190.7589 1.5075 1.6412 4.3879 -4.1940 0.5082 36.5868 -5.9050 -1.4982
46 Car -1 -1 -7.8130 152.0397 163.5117 200.9836 202.3636 1.5478 1.6114 3.7648 -18.2614 0.8713 30.2075 -8.3501 -1.6020
46 Car -1 -1 -7.4629 0.0000 183.4461 269.2498 341.4439 1.3930 1.5812 3.9537 -5.4740 1.4371 8.3924 -8.0218 -2.0437
46 Car -1 -1 -2.2161 96.8794 162.4934 274.4973 227.5343 1.4593 1.6311 4.1205 -10.3757 1.0556 17.4147 -2.7434 -2.0476
46 Car -1 -1 -4.6652 518.3283 157.1174 562.7183 196.4471 1.4934 1.6066 4.0304 -2.5978 0.6058 28.8933 -4.7519 -2.1141
46 Car -1 -1 -2.5676 0.0000 158.9004 63.7939 192.9348 1.5598 1.6540 4.0234 -28.3511 0.5701 33.4699 -3.2637 -2.1870
47 Car -1 -1 -5.9108 479.0842 163.9610 563.7879 193.3432 1.4671 1.5758 4.0578 -4.3261 0.6414 36.5831 -6.0256 -1.0802
47 Car -1 -1 -2.7802 469.9334 158.9580 568.0359 191.4249 1.4608 1.5980 4.2711 -4.0308 0.4917 33.1032 -2.8982 -1.2106
47 Car -1 -1 -2.7115 395.4602 158.8339 484.3065 188.5130 1.5516 1.6420 4.3939 -8.9166 0.4190 38.2136 -2.9368 -2.0085
47 Car -1 -1 -4.3249 74.1166 160.6761 189.0910 213.6563 1.5344 1.6396 3.9680 -14.9832 0.9606 22.5809 -4.9023 -2.0981
47 Car -1 -1 -1.9235 0.0000 159.4176 74.8417 193.5203 1.5837 1.6831 4.1777 -27.9417 0.6048 34.6391 -2.5958 -2.1092
48 Car -1 -1 -5.8390 490.5609 166.5088 577.3909 196.3129 1.4694 1.6040 4.1523 -3.6627 0.7798 36.3177 -5.9368 -0.9950
48 Car -1 -1 -2.8094 460.2294 159.6715 558.8588 192.0701 1.4723 1.6204 4.3196 -4.4996 0.5260 33.3572 -2.9403 -1.6224
48 Car -1 -1 -2.4243 82.9138 166.1277 270.3489 231.4195 1.4650 1.6059 3.7320 -10.2795 1.1429 16.9948 -2.9581 -1.9853
48 Car -1 -1 -4.9462 519.4454 160.5888 580.3912 199.7662 1.4779 1.5902 3.9839 -2.3431 0.7270 28.8129 -5.0245 -2.0136
49 Car -1 -1 -2.7408 368.3247 170.1688 457.5742 201.2873 1.4720 1.5890 3.8933 -9.3596 0.9835 34.5045 -3.0015 -0.5988
49 Car -1 -1 -2.6648 458.3098 165.3009 546.2191 195.3623 1.5088 1.6365 4.2755 -5.3834 0.7461 36.9642 -2.8063 -1.1851
49 Car -1 -1 -6.0262 474.4916 168.4170 573.1277 201.2057 1.4796 1.6234 4.3050 -3.7795 0.9345 33.0213 -6.1372 -1.2080
49 Car -1 -1 -4.7115 411.1651 165.5263 456.1242 205.6480 1.4229 1.5612 4.0588 -6.6150 0.8921 27.2292 -4.9452 -1.8723
49 Car -1 -1 -8.0788 535.2487 152.0246 576.3528 180.3522 1.6222 1.6439 3.8989 -3.0220 -0.0093 42.6152 -8.1470 -1.9091
49 Car -1 -1 -4.3744 0.0000 163.8983 70.9780 215.0713 1.4957 1.5727 3.6119 -18.7397 1.0107 22.6309 -5.0572 -2.0336
49 Car -1 -1 -4.6704 529.2297 159.5970 572.2491 198.4949 1.4832 1.5808 4.0234 -2.1903 0.6864 28.9946 -4.7429 -2.0551
49 Car -1 -1 -4.7119 234.6436 161.5994 299.4706 217.8774 1.4806 1.5671 3.6910 -9.8565 0.9837 20.6050 -5.1500 -2.0581
49 Car -1 -1 -6.2130 399.2729 165.1852 467.4738 190.4980 1.5854 1.6551 4.1502 -10.9796 0.6263 45.4386 -6.4466 -2.1165
50 Car -1 -1 -2.6503 459.1363 164.3961 547.1527 194.2637 1.4994 1.6422 4.2942 -5.3453 0.6911 37.0039 -2.7906 -0.8650
50 Car -1 -1 -7.3525 596.8849 165.3749 677.2487 205.7337 1.5142 1.5761 3.8688 1.3394 0.9470 28.5892 -7.3043 -1.4198
50 Car -1 -1 -2.8200 470.4641 163.8273 569.5510 196.3713 1.4646 1.6169 4.3088 -3.9699 0.7145 33.0500 -2.9365 -1.5411
50 Car -1 -1 -2.7667 360.1715 171.0970 450.7433 201.7257 1.4561 1.5855 3.9628 -9.7500 1.0093 34.6095 -3.0371 -1.5543
50 Car -1 -1 -2.1046 110.7684 164.1170 274.4227 230.6216 1.5103 1.6572 4.2334 -10.4735 1.1386 17.8212 -2.6261 -1.8783
50 Car -1 -1 -6.1933 398.0778 164.7269 467.9619 190.3904 1.6082 1.6697 4.2280 -11.0016 0.6198 45.4362 -6.4274 -2.0278
50 Car -1 -1 -6.4793 362.3701 162.1012 451.3743 193.3164 1.5919 1.6734 4.3403 -10.5880 0.6538 37.7799 -6.7485 -2.0453
50 Car -1 -1 -3.8755 0.0000 163.2329 82.8003 214.5800 1.5072 1.5959 3.7466 -19.1602 1.0007 22.7238 -4.5672 -2.1206
51 Car -1 -1 -2.6805 458.9609 167.9496 546.4378 197.9654 1.5063 1.6407 4.2355 -5.3528 0.8766 36.9279 -2.8214 -0.4937
51 Car -1 -1 -3.0217 113.8311 165.3654 284.7486 220.6594 1.4947 1.6016 4.1542 -11.6960 1.0859 20.6384 -3.5288 -1.3193
51 Car -1 -1 -5.9763 483.1680 170.2664 579.4574 202.6903 1.4595 1.6176 4.1831 -3.4410 0.9991 33.0462 -6.0773 -1.3513
51 Car -1 -1 -6.2508 303.2364 166.4262 453.6108 222.6818 1.4150 1.5445 3.7060 -6.0504 1.0613 19.0209 -6.5519 -1.5074
51 Car -1 -1 -4.8418 534.5850 161.0858 585.5963 200.2337 1.4813 1.5930 3.7566 -1.9145 0.7469 28.7502 -4.9056 -2.1752
52 Car -1 -1 -2.7601 469.8073 167.7753 553.2861 197.3536 1.4837 1.5837 3.9982 -4.8565 0.8456 36.7339 -2.8886 -0.5213
52 Car -1 -1 -2.7170 451.8900 166.9732 545.9866 199.3332 1.4657 1.6174 4.0891 -5.0119 0.8532 33.3645 -2.8629 -1.3064
52 Car -1 -1 -7.7915 348.5628 147.6347 384.0338 181.4303 1.8170 1.6553 3.8027 -13.4865 0.0502 40.0627 -8.1117 -1.4576
52 Car -1 -1 -2.9610 104.1587 163.3809 278.9944 218.9523 1.5025 1.6324 4.1573 -11.8863 1.0400 20.5707 -3.4763 -1.7151
52 Car -1 -1 -2.8376 467.5415 154.3395 574.9660 190.5504 1.4852 1.6168 4.2677 -3.5722 0.4124 30.1954 -2.9520 -2.0471
53 Car -1 -1 -2.7004 473.6517 166.5045 558.3580 196.3631 1.4904 1.6066 4.0659 -4.6280 0.7920 36.6928 -2.8229 -1.4195
53 Car -1 -1 -3.8176 0.0000 166.1035 73.6341 216.5187 1.4818 1.5930 3.6853 -19.5066 1.0590 22.7441 -4.5177 -1.5251
53 Car -1 -1 -2.7841 456.9490 167.4261 548.1335 199.5576 1.4610 1.5943 3.9492 -4.8317 0.8667 33.3528 -2.9247 -1.5676
53 Car -1 -1 -2.7421 361.3408 165.0751 455.2942 197.0652 1.5173 1.6295 4.1244 -9.6135 0.7859 34.6159 -3.0087 -2.0710
53 Car -1 -1 -4.4044 82.9886 164.7419 189.6071 217.4126 1.5148 1.6384 4.0601 -14.7922 1.0619 22.5081 -4.9774 -2.0795
53 Car -1 -1 -6.0750 465.4069 153.1776 573.1556 190.2471 1.5300 1.6336 4.3223 -3.6391 0.4025 30.1937 -6.1916 -2.0888
54 Car -1 -1 -5.9004 479.0709 163.9890 569.5729 194.3925 1.5148 1.6328 4.3612 -4.1806 0.6923 36.6000 -6.0113 -1.0592
54 Car -1 -1 -2.7271 452.9549 169.0633 549.7083 201.3833 1.4625 1.6251 4.2186 -4.8956 0.9452 33.3443 -2.8697 -1.0632
54 Car -1 -1 -2.6833 0.0000 155.4782 62.7816 190.0164 1.5662 1.6717 4.0957 -28.3904 0.4317 33.3618 -3.3816 -2.0462
54 Car -1 -1 -6.1446 438.1189 171.5409 511.1329 199.7048 1.4699 1.5961 3.6482 -6.9355 1.0025 37.7717 -6.3229 -2.0584
54 Car -1 -1 -8.1842 576.4547 160.5152 644.9246 200.3930 1.5317 1.6590 3.8681 0.1327 0.7643 29.2543 -8.1778 -2.1117
55 Car -1 -1 -5.9903 480.9035 166.8836 570.4062 197.2183 1.5174 1.6572 4.3061 -4.0952 0.8364 36.5761 -6.0989 -0.6269
55 Car -1 -1 -5.9734 479.6059 168.9766 574.4993 201.5452 1.4642 1.5926 4.1101 -3.6333 0.9463 32.9810 -6.0803 -1.0026
55 Car -1 -1 -2.8252 0.0000 159.3468 58.2078 194.1949 1.5526 1.6654 4.1984 -28.4288 0.6103 33.0646 -3.5287 -1.3458
55 Car -1 -1 -2.1701 97.0820 163.7638 270.0032 230.1336 1.4875 1.6462 4.1309 -10.4747 1.1128 17.4738 -2.7001 -1.7240
55 Car -1 -1 -7.0845 437.4068 162.0035 508.0385 191.4072 1.5230 1.6147 3.7807 -7.1878 0.5651 38.6428 -7.2650 -1.7470
55 Car -1 -1 -6.2896 353.8806 165.4242 437.6129 196.2231 1.5864 1.6367 4.2052 -11.1704 0.8100 37.8028 -6.5727 -1.8681
55 Car -1 -1 -6.0073 468.2711 157.2285 578.8466 193.3631 1.4800 1.6300 4.4025 -3.4607 0.5271 30.1240 -6.1185 -2.0762
56 Car -1 -1 -5.9419 479.6219 165.9541 576.6749 199.0474 1.4836 1.6102 4.2034 -3.5857 0.8317 32.9724 -6.0473 -0.6614
56 Car -1 -1 -2.7344 466.6446 159.7393 555.3963 190.2623 1.5292 1.6356 4.2820 -4.8953 0.4892 36.7964 -2.8636 -1.1914
56 Car -1 -1 -6.2347 546.7938 171.0493 649.6735 207.5699 1.4897 1.6185 4.2142 -0.2771 1.1045 29.7368 -6.2422 -1.3557
56 Car -1 -1 -2.8603 0.0000 156.5547 57.4673 191.5583 1.5554 1.6691 4.1704 -28.4121 0.4916 33.0339 -3.5639 -1.9810
56 Car -1 -1 -4.3517 134.3425 163.4130 215.6223 202.3070 1.5178 1.6486 3.8084 -17.9199 0.8513 29.6121 -4.8892 -2.0174
56 Car -1 -1 -5.7743 382.5464 151.6963 483.1093 185.3866 1.5790 1.6957 4.5280 -8.4227 0.2292 34.5672 -6.0091 -2.0302
56 Car -1 -1 -8.6027 616.1031 185.5761 1223.0000 369.0000 1.4666 1.5661 3.7053 1.4555 1.5076 3.6318 -8.2482 -2.0976
57 Car -1 -1 -2.6507 458.6278 160.2005 549.2192 191.4715 1.5643 1.6877 4.4098 -5.2927 0.5490 36.9208 -2.7899 -1.2743
57 Car -1 -1 -5.9819 481.2718 165.1140 578.3330 198.6480 1.5093 1.6254 4.2173 -3.5091 0.8170 33.0356 -6.0848 -1.5076
57 Car -1 -1 -4.3817 521.2031 150.4905 574.6777 181.8528 1.6237 1.6724 4.1098 -3.0786 0.0702 38.8044 -4.4581 -1.7860
57 Car -1 -1 -2.8672 0.0000 159.6978 54.3629 194.9545 1.5668 1.6632 4.0995 -28.5161 0.6426 33.0339 -3.5726 -1.9975
57 Car -1 -1 -5.7978 375.4637 153.9739 473.2071 186.7052 1.5392 1.6509 4.3677 -8.8334 0.2920 34.5695 -6.0437 -2.0851
58 Car -1 -1 -7.7381 144.9275 161.1464 201.5770 200.4697 1.5575 1.6164 3.6592 -18.2676 0.7912 30.0049 -8.2783 -1.5786
58 Car -1 -1 -7.4013 517.4865 145.7782 577.4346 176.9562 1.5880 1.6606 4.0438 -3.0967 -0.2048 38.6963 -7.4783 -1.6571
58 Car -1 -1 -5.9977 477.5564 160.8792 576.0470 194.2609 1.5058 1.6169 4.2975 -3.6506 0.6209 33.0715 -6.1046 -1.7369
58 Car -1 -1 -2.7741 366.3419 160.2610 466.9808 192.5326 1.5285 1.6495 4.4599 -9.1841 0.5701 34.5565 -3.0296 -1.7563
58 Car -1 -1 -2.8497 457.8127 151.5939 545.7856 182.6172 1.5775 1.6606 4.2696 -5.3996 0.1078 37.0939 -2.9909 -1.7958
58 Car -1 -1 -4.6602 558.6851 165.8613 601.7903 203.3679 1.4343 1.5637 3.6742 -0.9835 0.8747 28.8915 -4.6919 -2.1326
58 Car -1 -1 -7.4077 0.0554 158.5107 82.0510 192.2270 1.5540 1.6053 3.8810 -27.5427 0.5407 34.6573 -8.0727 -2.1384
58 Car -1 -1 -2.5138 405.1657 158.9386 486.8478 188.5112 1.5325 1.6490 4.1302 -8.6132 0.4153 38.2192 -2.7317 -2.1789
59 Car -1 -1 -7.9846 236.7931 161.6882 313.9334 218.7960 1.4922 1.5607 3.7481 -9.6480 1.0009 20.4758 -8.4170 -1.5861
59 Car -1 -1 -5.9618 480.9964 163.3684 580.0146 196.9268 1.5088 1.6214 4.3120 -3.4814 0.7388 33.0501 -6.0639 -1.7202
59 Car -1 -1 -2.7794 456.1622 153.6899 543.6968 184.5907 1.5646 1.6492 4.2294 -5.5027 0.2073 37.0624 -2.9235 -1.9104
59 Car -1 -1 -7.5004 0.3469 154.7834 76.1803 190.2797 1.6295 1.6349 3.8609 -27.5990 0.4491 34.5470 -8.1680 -2.1722
60 Car -1 -1 -5.9844 477.9585 161.8656 579.0649 195.4489 1.5128 1.6305 4.4185 -3.5733 0.6736 33.0771 -6.0890 -1.7251
60 Car -1 -1 -2.7209 373.1236 163.6314 470.7291 195.7195 1.5140 1.6450 4.3234 -8.9326 0.7183 34.5396 -2.9698 -1.7508
60 Car -1 -1 -7.3884 0.0000 148.8327 264.1840 364.3891 1.6022 1.6478 3.7146 -5.0496 1.3672 7.1999 -7.9775 -1.8447
60 Car -1 -1 -2.8228 450.9745 152.3164 538.4334 182.2084 1.5301 1.6614 4.2613 -5.8167 0.0876 37.3675 -2.9738 -1.9245
60 Car -1 -1 -7.7719 148.4748 158.9172 202.1534 199.5867 1.6154 1.6269 3.7766 -18.2626 0.7583 30.1373 -8.3100 -2.1035
61 Car -1 -1 -2.8596 389.1461 162.8938 473.3948 191.4922 1.5119 1.6125 4.1445 -9.3783 0.5813 38.2793 -3.0960 -1.5414
61 Car -1 -1 -2.7831 453.3239 155.1448 540.8826 184.9458 1.5129 1.6376 4.2423 -5.6616 0.2258 37.1378 -2.9310 -1.8662
61 Car -1 -1 -2.7829 456.3296 161.4894 554.8157 194.5095 1.4985 1.6414 4.2998 -4.6899 0.6359 33.3606 -2.9193 -1.9928
61 Car -1 -1 -2.6161 377.7347 162.6343 476.5839 194.8639 1.5093 1.6581 4.4544 -8.6928 0.6729 34.5298 -2.8586 -2.0061
61 Car -1 -1 -2.1035 104.5440 156.1523 201.3837 196.5282 1.6095 1.6544 4.0033 -19.1136 0.6392 29.8365 -2.6664 -2.0632
62 Car -1 -1 -3.7193 0.0000 129.5840 289.8956 369.0000 1.7018 1.6688 3.8195 -4.9259 1.4057 6.1977 -4.3642 -1.3378
62 Car -1 -1 -7.7421 146.5124 161.2111 202.0908 199.2976 1.5108 1.5960 3.6505 -18.2455 0.7459 30.0388 -8.2813 -1.4078
62 Car -1 -1 -2.7536 371.0905 166.4423 467.6523 198.3242 1.5086 1.6336 4.2653 -9.0564 0.8436 34.5552 -3.0058 -1.4518
62 Car -1 -1 -2.8604 451.1963 152.1692 538.0439 181.6830 1.5153 1.6213 4.2536 -5.8193 0.0609 37.3801 -3.0114 -1.9671
62 Car -1 -1 -5.7569 0.0000 157.6712 117.3419 201.2803 1.5690 1.6954 4.4777 -21.2623 0.7479 26.5916 -6.4235 -2.0807
62 Car -1 -1 -7.2484 0.0000 157.1799 118.3847 204.7428 1.5307 1.6243 3.8590 -19.1187 0.7805 24.7179 -7.8985 -2.1521
63 Car -1 -1 -2.8641 0.0000 158.8450 55.1358 193.5693 1.5476 1.6023 3.9293 -28.3819 0.5827 33.0532 -3.5669 -1.3428
63 Car -1 -1 -2.7195 369.1121 170.5962 467.8550 202.4857 1.5050 1.6446 4.3780 -9.1022 1.0378 34.5469 -2.9731 -1.3885
63 Car -1 -1 -2.3557 82.5781 165.7538 264.6673 231.6345 1.4637 1.6133 3.6782 -10.3374 1.1364 16.9431 -2.8932 -1.5934
63 Car -1 -1 -6.1198 394.9479 158.9551 471.3078 187.5972 1.5122 1.5834 3.8054 -9.2639 0.3748 38.2531 -6.3535 -1.8133
63 Car -1 -1 -5.9823 451.2870 152.2165 538.3292 181.9906 1.5159 1.6101 4.2270 -5.7705 0.0760 37.1106 -6.1332 -1.9181
63 Car -1 -1 -2.7868 465.5493 160.9453 559.4481 194.0800 1.5041 1.5996 4.0893 -4.3616 0.6166 33.3358 -2.9137 -2.0025
63 Car -1 -1 -2.9672 0.0000 142.2634 288.9604 365.4333 1.6809 1.6628 3.8769 -5.3047 1.3933 6.9246 -3.5970 -2.1327
63 Car -1 -1 -6.2677 398.8846 161.5188 467.6440 187.5474 1.6264 1.6736 4.2203 -11.0082 0.4404 45.4554 -6.5017 -2.1471
64 Car -1 -1 -2.7292 368.0848 166.6166 465.0875 198.0114 1.4834 1.6078 4.2967 -9.1920 0.8276 34.5381 -2.9851 -1.2871
64 Car -1 -1 -2.8059 449.3780 150.3536 536.7351 180.1580 1.5234 1.6307 4.2596 -5.9047 -0.0185 37.3549 -2.9592 -1.7947
64 Car -1 -1 -4.6717 539.1322 169.0984 580.3513 206.5937 1.4349 1.5264 3.6577 -1.8234 0.9988 28.9014 -4.7322 -1.8386
64 Car -1 -1 -6.2605 398.4285 161.7383 466.9580 187.7078 1.6232 1.6646 4.2059 -11.0383 0.4506 45.4501 -6.4952 -1.8881
64 Car -1 -1 -2.1814 105.1673 165.3266 274.6214 230.8202 1.4665 1.6240 3.9864 -10.2769 1.1271 17.4110 -2.7046 -1.9523
64 Car -1 -1 -4.7313 236.8752 163.1945 302.1723 218.3570 1.4523 1.5831 3.9401 -9.8890 0.9970 20.7317 -5.1684 -2.0674
64 Car -1 -1 -4.8583 580.8091 170.9388 637.8365 213.2342 1.4551 1.5779 3.7730 0.0595 1.1264 26.3044 -4.8543 -2.1335
64 Car -1 -1 -7.7293 142.4862 158.6964 200.5377 199.6290 1.6222 1.6379 3.6422 -18.3477 0.7583 30.0182 -8.2712 -2.1529
64 Car -1 -1 -6.2953 359.9764 161.8079 446.4081 193.0054 1.6099 1.6710 4.3629 -10.8040 0.6455 37.9034 -6.5688 -2.1621
65 Car -1 -1 -2.7756 365.8377 170.9953 458.6821 202.1811 1.4784 1.6050 4.0711 -9.3941 1.0280 34.5297 -3.0371 -1.1302
65 Car -1 -1 -7.7882 178.6713 166.5715 260.7843 230.4978 1.4759 1.5876 3.7893 -9.9359 1.1547 18.3781 -8.2747 -1.6285
65 Car -1 -1 -6.2300 398.7564 164.3437 467.7437 189.8676 1.5974 1.6655 4.2231 -10.9872 0.5863 45.4486 -6.4638 -1.9161
65 Car -1 -1 -3.2015 360.5739 168.9455 445.1745 198.8708 1.5396 1.6448 4.2688 -10.8415 0.9453 37.8541 -3.4764 -1.9961
65 Car -1 -1 -6.4500 613.0464 164.8402 720.3307 206.5933 1.5623 1.6277 3.9266 2.3145 0.9766 27.4270 -6.3649 -2.0956
65 Car -1 -1 -4.6887 540.0884 172.9998 581.2528 211.1312 1.4657 1.5815 3.8952 -1.8039 1.1777 29.1529 -4.7481 -2.1419
66 Car -1 -1 -2.7509 366.6102 167.5786 462.8690 198.9668 1.4860 1.6128 4.2506 -9.2825 0.8744 34.5533 -3.0091 -1.5675
66 Car -1 -1 -6.1842 398.6305 163.6124 467.6423 189.1634 1.6021 1.6532 4.1634 -10.9958 0.5433 45.4340 -6.4181 -1.8228
66 Car -1 -1 -7.9691 383.5447 161.4371 422.4211 191.4162 1.5602 1.6433 3.7191 -11.1475 0.5683 38.8304 -8.2445 -1.9970
66 Car -1 -1 -2.6958 446.7629 158.7151 533.1704 188.4243 1.5125 1.6415 4.2147 -6.0862 0.4036 37.3805 -2.8539 -2.0156
66 Car -1 -1 -3.2909 341.7865 149.6675 466.9464 193.1742 1.5596 1.6647 4.4054 -7.6804 0.4546 27.0058 -3.5627 -2.1487
67 Car -1 -1 -5.9376 364.0616 167.6848 462.0479 199.1739 1.4939 1.6142 4.3289 -9.3513 0.8861 34.5313 -6.1979 -1.0494
67 Car -1 -1 -2.7505 452.5982 145.2458 541.3559 177.3715 1.6295 1.6537 4.3458 -5.7196 -0.1714 37.4467 -2.8985 -1.5532
67 Car -1 -1 -3.8779 0.0000 163.4643 71.5251 214.8282 1.5132 1.5990 3.6288 -19.4978 1.0116 22.7347 -4.5779 -1.6258
67 Car -1 -1 -7.6772 0.0000 135.7260 249.4920 357.0496 1.7432 1.6796 3.7610 -4.9991 1.3910 7.6271 -8.2365 -1.7645
67 Car -1 -1 -6.1931 400.0154 164.7312 467.6564 189.6571 1.5624 1.6388 4.0898 -10.9489 0.5741 45.4223 -6.4262 -1.9660
67 Car -1 -1 -5.8406 510.7535 151.2665 598.9201 183.6085 1.5857 1.6453 4.2039 -2.5861 0.1526 36.2005 -5.9092 -2.1624
68 Car -1 -1 -5.8316 444.7121 144.7039 536.6652 176.8304 1.6198 1.6764 4.5317 -6.0601 -0.2018 37.4423 -5.9885 -1.5745
68 Car -1 -1 -4.7146 236.2136 165.8100 300.8147 220.2814 1.4330 1.5628 3.9061 -9.8654 1.0469 20.7010 -5.1514 -1.7795
68 Car -1 -1 -4.6006 98.3172 164.7291 173.2477 215.7428 1.4737 1.5523 3.6060 -14.7870 1.0184 22.3848 -5.1759 -2.0003
68 Car -1 -1 -7.7112 132.5013 156.7896 192.7254 196.9430 1.5867 1.6221 3.7643 -18.7024 0.6500 29.9897 -8.2620 -2.0559
68 Car -1 -1 -2.6174 0.0000 159.2755 60.8319 193.1407 1.5429 1.6435 3.8829 -28.3446 0.5761 33.3581 -3.3150 -2.0719
68 Car -1 -1 -7.4236 0.0000 129.0898 267.7146 369.0000 1.7553 1.6738 3.9320 -4.9846 1.3851 7.1685 -8.0086 -2.1115
69 Car -1 -1 -4.3318 563.5376 168.5182 627.8415 205.5720 1.4938 1.5613 3.5352 -0.3639 1.0110 30.4342 -4.3418 -1.4403
69 Car -1 -1 -5.8878 356.6050 166.5085 453.7146 198.7451 1.5262 1.6209 4.2731 -9.7464 0.8640 34.5439 -6.1585 -1.4648
69 Car -1 -1 -4.9478 223.2198 162.1827 315.9492 218.2734 1.4695 1.5892 3.8477 -9.8399 0.9899 20.5229 -5.3868 -1.9490
69 Car -1 -1 -5.8885 445.3072 146.2973 535.4438 177.9830 1.6099 1.6651 4.4150 -6.0711 -0.1380 37.4641 -6.0456 -2.0018
69 Car -1 -1 -7.4691 0.0000 154.7293 77.6129 190.0126 1.6201 1.6327 3.8938 -27.6027 0.4370 34.5624 -8.1365 -2.0888
70 Car -1 -1 -2.7823 357.5660 169.3945 454.3990 200.7290 1.4843 1.6139 4.2520 -9.6852 0.9584 34.4868 -3.0518 -0.7715
70 Car -1 -1 -6.2862 350.1093 164.7774 435.6301 194.0458 1.5036 1.6265 4.2804 -11.2930 0.6960 37.7132 -6.5729 -1.4702
70 Car -1 -1 -4.4286 134.3082 162.4150 210.7568 201.5455 1.5097 1.6564 3.9115 -17.8834 0.8122 29.3803 -4.9686 -1.5472
70 Car -1 -1 -5.8074 444.6205 145.1757 535.5008 177.5782 1.6342 1.6827 4.4774 -6.0944 -0.1607 37.4301 -5.9653 -1.7789
70 Car -1 -1 -4.6277 545.4178 165.2164 592.4177 204.8519 1.5096 1.5857 3.9080 -1.4386 0.9277 28.9113 -4.6750 -1.8516
70 Car -1 -1 -7.7729 177.3049 167.9537 261.8618 230.5016 1.4404 1.5815 3.8080 -9.9170 1.1518 18.3439 -8.2594 -2.0483
70 Car -1 -1 -2.6043 0.0000 161.3966 121.1335 205.5972 1.5850 1.7199 4.5494 -21.0900 0.9002 26.4964 -3.2688 -2.0842
70 Car -1 -1 -7.3347 567.2359 165.4958 643.2320 203.4489 1.5303 1.6074 3.7966 0.0519 0.9256 30.5555 -7.3312 -2.1085
70 Car -1 -1 -4.8639 241.8124 162.7473 322.0541 218.4691 1.4559 1.5674 3.8253 -9.4737 0.9924 20.5043 -5.2888 -2.1377
71 Car -1 -1 -3.1009 345.9961 166.9485 432.2841 197.2747 1.5623 1.6668 4.3198 -11.4736 0.8643 37.7658 -3.3916 -0.8904
71 Car -1 -1 -2.7761 363.1280 167.4349 457.4466 199.0506 1.4992 1.6146 4.1401 -9.4925 0.8798 34.5411 -3.0401 -1.3096
71 Car -1 -1 -4.6663 555.5162 169.3580 598.2341 208.6555 1.5056 1.5672 3.9430 -1.1239 1.0790 29.0688 -4.7028 -1.5475
71 Car -1 -1 -4.5516 98.1012 159.8989 180.4164 210.7237 1.4730 1.5701 3.7975 -14.7668 0.8762 22.5455 -5.1230 -1.5931
71 Car -1 -1 -3.9319 267.2354 165.7145 410.2371 228.9321 1.4374 1.4993 3.2788 -6.6557 1.1016 17.8792 -4.2805 -1.6915
71 Car -1 -1 -2.8173 0.0000 160.3264 54.8195 195.2639 1.5603 1.6297 3.9042 -28.4049 0.6595 33.0557 -3.5204 -1.8953
71 Car -1 -1 -5.7951 443.5161 146.4054 534.5040 178.6217 1.6299 1.6861 4.4950 -6.1586 -0.1035 37.4723 -5.9544 -2.1023
71 Car -1 -1 -4.6806 234.7227 159.1145 299.4371 212.4044 1.4114 1.5625 3.8456 -9.8843 0.8453 20.8013 -5.1162 -2.1538
72 Car -1 -1 -3.1635 345.1262 170.9110 429.1067 199.9138 1.4874 1.6341 4.1922 -11.6074 0.9958 37.6896 -3.4581 -0.7945
72 Car -1 -1 -7.5362 389.5007 170.9890 445.6740 201.3405 1.4398 1.6361 3.6984 -9.3408 0.9888 35.4380 -7.7899 -1.3727
72 Car -1 -1 -3.0839 518.2402 168.5850 624.2388 206.7406 1.4579 1.5827 4.0569 -1.3125 1.0029 27.8338 -3.1286 -1.7484
72 Car -1 -1 -7.7431 145.5499 161.7974 201.5545 201.3614 1.5654 1.6089 3.6574 -18.2369 0.8257 29.9737 -8.2831 -1.8152
72 Car -1 -1 -7.8567 241.5966 164.7407 311.4055 225.0131 1.4496 1.5524 3.6249 -8.8327 1.0709 18.9763 -8.2839 -2.0124
72 Car -1 -1 -2.4525 0.0000 159.5898 118.4503 204.2620 1.5961 1.7112 4.4486 -20.8361 0.8493 26.1731 -3.1170 -2.0909
73 Car -1 -1 -4.9554 549.3422 167.0921 610.8898 205.6758 1.4568 1.5895 3.9738 -1.1153 0.9508 28.8257 -4.9918 -1.4762
73 Car -1 -1 -7.4786 116.7633 163.8785 197.7864 202.9933 1.5327 1.6195 3.6650 -18.6923 0.8816 29.6538 -8.0342 -1.9388
73 Car -1 -1 -7.5657 381.7439 167.0429 437.4216 198.4880 1.5062 1.6448 3.9819 -9.8565 0.8618 35.8774 -7.8296 -1.9481
73 Car -1 -1 -8.0038 384.0824 167.1007 423.9770 195.9108 1.4990 1.5899 3.5998 -11.0672 0.8020 38.7553 -8.2780 -1.9518
73 Car -1 -1 -7.5282 389.6495 164.8026 451.7222 199.3722 1.4724 1.5938 3.7450 -8.2968 0.8040 32.0429 -7.7772 -2.0734
74 Car -1 -1 -4.3511 301.0219 167.6488 408.3434 226.2859 1.4238 1.5179 3.5891 -6.6278 1.1121 18.9870 -4.6798 -1.6990
74 Car -1 -1 -7.2005 0.7367 156.8060 96.1201 191.3702 1.6061 1.6344 3.9130 -27.2923 0.5053 34.8145 -7.8589 -1.8004
75 Car -1 -1 -7.8148 353.7218 146.4093 387.3451 178.6546 1.7223 1.6463 3.7585 -13.2394 -0.1097 40.0317 -8.1297 -1.6060
75 Car -1 -1 -8.0440 233.6356 157.6445 318.2281 212.8642 1.4433 1.5594 3.6842 -9.6099 0.8462 20.4321 -8.4756 -1.8023
75 Car -1 -1 -6.3079 254.6808 164.4017 416.4133 225.2859 1.4734 1.5836 3.8107 -7.0447 1.0842 18.5531 -6.6631 -1.8789
75 Car -1 -1 -2.0561 0.0000 162.5545 72.9871 209.7728 1.5131 1.6474 3.9822 -20.3814 0.9383 24.1820 -2.7480 -2.0515
75 Car -1 -1 -7.4960 0.0000 163.1662 271.8093 327.3132 1.4983 1.6157 3.8476 -5.4419 1.3405 8.4967 -8.0468 -2.1484
76 Car -1 -1 -7.9805 517.4340 145.8342 557.6119 177.5824 1.5338 1.6014 3.8053 -3.5546 -0.1591 36.5651 -8.0743 -1.7558
76 Car -1 -1 -3.8817 269.0505 166.7390 412.5596 228.7540 1.4288 1.4958 3.2789 -6.6883 1.1121 18.0888 -4.2282 -2.0517
76 Car -1 -1 -4.9080 226.4644 163.5860 313.0857 218.9854 1.4516 1.5706 3.8232 -9.8379 1.0087 20.5309 -5.3468 -2.0623
76 Car -1 -1 -7.1793 0.0000 182.7437 294.6344 326.7170 1.3718 1.5355 3.5552 -5.5611 1.4056 8.6525 -7.7321 -2.0735
76 Car -1 -1 -2.2145 89.3482 165.0393 268.6985 231.3488 1.4835 1.6453 4.1266 -10.5101 1.1380 17.3687 -2.7486 -2.1520
76 Car -1 -1 -2.8425 0.0000 160.1260 55.4405 195.9471 1.5942 1.6803 4.1512 -28.5266 0.6877 33.0583 -3.5477 -2.1537
77 Car -1 -1 -7.9140 242.7969 169.0907 315.5865 228.8376 1.4175 1.5526 3.3936 -8.6870 1.1471 18.6372 -8.3417 -1.7032
77 Car -1 -1 -7.3376 0.0000 166.0613 285.5941 328.7896 1.4696 1.6262 3.9658 -5.4845 1.3396 8.4012 -7.8968 -1.9450
77 Car -1 -1 -2.3211 137.4361 167.6777 292.1927 220.7896 1.5024 1.6406 4.2937 -11.8700 1.1400 21.4615 -2.8181 -2.0432
78 Car -1 -1 -2.1838 98.5747 165.4760 271.5420 231.5209 1.4797 1.6391 4.0754 -10.4099 1.1434 17.4348 -2.7121 -1.8900
78 Car -1 -1 -2.8461 0.0000 160.9885 54.1492 196.3760 1.5746 1.6688 4.0985 -28.5432 0.7066 33.0441 -3.5518 -2.0006
78 Car -1 -1 -6.0005 367.4224 165.1410 457.9611 195.9821 1.4708 1.5935 3.9837 -9.3714 0.7385 34.5595 -6.2611 -2.0401
78 Car -1 -1 -5.5744 127.7614 165.2652 289.1107 217.2414 1.4889 1.6138 4.2666 -12.0446 1.0528 21.4810 -6.0771 -2.1585
79 Car -1 -1 -7.5589 121.5772 162.7863 197.2523 202.0863 1.5453 1.6272 3.8681 -18.7447 0.8490 29.8792 -8.1124 -1.8333
79 Car -1 -1 -2.6373 365.9585 167.9186 458.6863 199.0531 1.4684 1.6112 4.1184 -9.4362 0.8752 34.6237 -2.8992 -1.9699
79 Car -1 -1 -4.8200 245.2098 164.6150 320.4850 221.6307 1.4901 1.5907 3.9282 -9.4814 1.0753 20.5755 -5.2440 -1.9813
79 Car -1 -1 -2.1772 104.7296 168.6607 270.4218 233.0223 1.4441 1.6031 3.8852 -10.3349 1.1788 17.4146 -2.7029 -2.1594
79 Car -1 -1 -2.7564 395.1789 159.1299 482.1000 188.7664 1.5555 1.6426 4.2761 -8.9879 0.4340 38.2595 -2.9833 -2.1623
79 Car -1 -1 -7.4024 0.0000 157.5980 81.8814 192.0746 1.5863 1.6333 3.9555 -27.5792 0.5327 34.6373 -8.0684 -2.1814
80 Car -1 -1 -4.8590 242.8098 166.0110 322.7969 222.2836 1.4735 1.5845 3.8212 -9.4692 1.0944 20.5498 -5.2829 -2.1418
81 Car -1 -1 -7.9798 354.1138 164.0263 398.0059 195.9759 1.5049 1.6307 3.8174 -11.5171 0.7291 35.3781 -8.2899 -1.8381
81 Car -1 -1 -2.6180 0.0000 159.7897 61.0589 193.5660 1.5391 1.6421 3.8865 -28.3396 0.5956 33.3636 -3.3155 -2.1194
82 Car -1 -1 -2.6277 0.0000 160.2659 61.1266 194.3917 1.5527 1.6559 3.9809 -28.3843 0.6322 33.3491 -3.3262 -1.8173
82 Car -1 -1 -7.4019 277.5337 156.2502 367.3506 198.3501 1.4825 1.6072 3.9102 -10.6650 0.6288 26.9121 -7.7731 -2.0981
82 Car -1 -1 -4.1739 103.0592 162.3448 208.7157 205.4744 1.6230 1.7177 4.1380 -18.0955 0.9400 28.6901 -4.7297 -2.1042
83 Car -1 -1 -7.7759 146.7917 157.1395 199.7340 196.4781 1.5611 1.6201 3.6056 -18.2909 0.6343 30.0337 -8.3162 -1.6192
83 Car -1 -1 -2.1332 113.7858 166.5250 277.2593 231.5550 1.4518 1.6180 4.0099 -10.1704 1.1401 17.4427 -2.6512 -1.9548
83 Car -1 -1 -2.6639 0.0000 161.4344 61.1803 195.4543 1.5445 1.6525 3.9168 -28.3384 0.6791 33.3343 -3.3618 -2.0137
83 Car -1 -1 -7.8874 484.9565 147.8839 519.1847 180.3723 1.5772 1.6186 3.7268 -5.3455 -0.0068 36.3179 -8.0301 -2.0155
83 Car -1 -1 -4.7608 238.5569 162.4303 304.2593 216.8779 1.4356 1.5678 3.8743 -9.8771 0.9595 20.7217 -5.1977 -2.0298
83 Car -1 -1 -2.5946 0.0000 155.0087 117.8209 199.1827 1.5886 1.7029 4.4747 -21.2011 0.6721 26.5391 -3.2608 -2.1828
84 Car -1 -1 -2.8568 90.6241 161.2849 222.5447 200.9531 1.5487 1.6710 4.2681 -18.2782 0.7987 28.9803 -3.4125 -1.9030
84 Car -1 -1 -7.9697 241.7652 161.3156 316.7586 217.5756 1.4728 1.5655 3.7432 -9.5534 0.9709 20.5163 -8.3976 -1.9141
84 Car -1 -1 -5.8103 35.2686 163.8745 215.4022 219.3636 1.5081 1.6130 3.9757 -13.6381 1.0566 20.2384 -6.3940 -2.0018
84 Car -1 -1 -7.3933 0.0000 157.8105 82.5487 191.2938 1.5432 1.6153 3.9477 -27.5845 0.4977 34.6841 -8.0588 -2.1331
85 Car -1 -1 -8.0345 375.8964 165.4549 418.3853 194.6030 1.5138 1.6090 3.6506 -11.4337 0.7326 38.7136 -8.3176 -1.2876
85 Car -1 -1 -2.9126 0.0000 153.3208 43.2360 195.0500 1.5237 1.5642 3.7289 -24.3068 0.5315 27.3836 -3.6307 -1.6007
85 Car -1 -1 -2.6061 0.0000 161.0433 59.6651 195.4973 1.5707 1.6387 3.8576 -28.3810 0.6839 33.3546 -3.3044 -1.7413
85 Car -1 -1 -2.1351 106.1005 162.5318 274.0469 228.4598 1.5009 1.6627 4.2305 -10.5252 1.0922 17.8149 -2.6589 -1.8233
85 Car -1 -1 -7.5053 384.8528 168.6343 443.6888 199.8788 1.4640 1.6173 3.7646 -9.4066 0.9082 35.0780 -7.7632 -2.0455
85 Car -1 -1 -3.9434 270.0394 163.0576 408.2482 226.2544 1.4422 1.5004 3.1371 -6.6522 1.0445 17.8740 -4.2919 -2.1135
86 Car -1 -1 -7.9695 379.3598 169.3721 417.2827 197.9737 1.4885 1.5903 3.6802 -11.3933 0.9095 38.8000 -8.2510 -1.0233
86 Car -1 -1 -4.0115 271.5222 166.6824 410.2876 229.7034 1.4371 1.5203 3.2865 -6.6126 1.1223 17.9281 -4.3572 -1.4220
86 Car -1 -1 -2.8416 0.0000 159.6086 56.6824 194.7541 1.5651 1.6593 4.1011 -28.4305 0.6350 33.0554 -3.5452 -1.8825
86 Car -1 -1 -2.5095 0.0000 160.7554 55.2528 200.5145 1.5086 1.6438 3.8616 -24.2545 0.7596 27.7965 -3.2193 -1.9327
86 Car -1 -1 -7.4746 385.4302 167.8667 445.2810 198.8763 1.4741 1.6123 3.7803 -9.4878 0.8737 35.5847 -7.7311 -1.9619
86 Car -1 -1 -5.8065 423.0143 155.5769 514.1462 187.2448 1.6288 1.6941 4.5150 -7.3022 0.3471 37.8219 -5.9937 -2.0126
86 Car -1 -1 -7.7515 171.7037 167.3955 265.2119 234.3174 1.4485 1.5940 3.7313 -9.3833 1.1652 17.3317 -8.2381 -2.1951
87 Car -1 -1 -7.9922 377.2079 174.8679 416.9201 203.8328 1.5051 1.6057 3.6473 -11.4430 1.2126 38.7333 -8.2755 -0.6843
87 Car -1 -1 -7.7270 144.6349 160.0851 202.4537 199.9948 1.5791 1.6210 3.6410 -18.2312 0.7716 29.9678 -8.2669 -1.9654
87 Car -1 -1 -2.4428 27.7421 157.7725 140.1089 192.6282 1.6390 1.6838 4.3223 -25.1988 0.5705 34.2390 -3.0709 -2.1809
88 Car -1 -1 -2.2844 88.4030 157.8407 199.7483 196.3910 1.5290 1.6512 4.0404 -19.1782 0.6305 29.4050 -2.8554 -2.1627
88 Car -1 -1 -3.1807 342.7967 161.6440 427.5621 191.3455 1.5131 1.6262 4.2073 -11.6581 0.5527 37.4817 -3.4779 -2.1849
89 Car -1 -1 -7.8469 186.0863 164.6512 260.9694 226.5220 1.4338 1.5618 3.7804 -9.9274 1.0669 18.4228 -8.3319 -1.0478
89 Car -1 -1 -7.8561 152.2044 159.9131 198.8978 199.2127 1.5629 1.6115 3.6950 -18.2968 0.7444 30.1169 -8.3954 -1.4145
89 Car -1 -1 -3.9109 269.7769 166.2706 417.7161 228.0764 1.4348 1.5239 3.5136 -6.6832 1.1048 18.3268 -4.2530 -1.5129
89 Car -1 -1 -7.8371 378.4968 157.9712 410.4393 187.4791 1.5296 1.5970 3.6798 -11.4747 0.3619 38.6370 -8.1215 -2.1454
89 Car -1 -1 -5.8671 425.9218 153.0365 514.6695 182.7205 1.5321 1.6512 4.3677 -7.1980 0.1148 37.7991 -6.0516 -2.1927
90 Car -1 -1 -7.7353 145.4751 163.2765 201.9354 201.4785 1.5130 1.6008 3.6524 -18.2439 0.8311 29.9966 -8.2750 -1.6372
90 Car -1 -1 -2.7168 0.0000 158.5124 122.0662 202.2213 1.5539 1.7052 4.5479 -21.0715 0.7725 26.5026 -3.3807 -1.6739
90 Car -1 -1 -7.8397 240.4855 164.6558 311.7024 224.8605 1.4371 1.5713 3.6091 -8.7462 1.0592 18.8459 -8.2657 -1.8408
90 Car -1 -1 -5.7398 434.8232 148.8380 518.8262 178.9759 1.5251 1.6087 4.1426 -6.8002 -0.0838 37.4251 -5.9159 -1.8938
90 Car -1 -1 -2.8144 386.3343 155.7131 485.4596 188.9166 1.5748 1.6933 4.4068 -8.2487 0.3994 34.5907 -3.0444 -2.1199
91 Car -1 -1 -2.3978 85.8034 164.2759 270.6859 229.0375 1.4513 1.5885 3.7351 -10.2612 1.0881 17.0135 -2.9303 -1.9197
91 Car -1 -1 -5.9077 437.3907 149.2880 527.1941 179.8831 1.5638 1.6490 4.3887 -6.4928 -0.0336 37.4494 -6.0758 -2.0088
91 Car -1 -1 -7.6049 141.2843 159.9922 213.5352 199.2525 1.5648 1.6606 4.1492 -18.2995 0.7476 30.4057 -8.1401 -2.1511
92 Car -1 -1 -7.9369 590.9783 175.6950 647.2364 222.1071 1.4094 1.5421 3.7042 0.3604 1.2638 23.3698 -7.9200 -1.5242
92 Car -1 -1 -2.6804 437.8692 150.1838 523.0575 179.9449 1.5161 1.5960 4.1687 -6.5989 -0.0303 37.4310 -2.8513 -1.8711
92 Car -1 -1 -2.7957 374.0659 154.4839 467.0609 186.1034 1.5022 1.6040 4.1016 -9.0017 0.2664 34.5845 -3.0459 -1.9980
92 Car -1 -1 -7.1854 146.5790 157.3750 270.1417 207.5741 1.4501 1.5397 3.5014 -12.3950 0.7824 22.2802 -7.6849 -2.0998
93 Car -1 -1 -2.6999 102.8330 163.0182 264.9334 210.5676 1.4735 1.6530 4.2171 -13.5668 0.9320 22.9127 -3.2264 -0.8956
93 Car -1 -1 -2.7612 373.0047 157.7281 465.5478 188.8570 1.4740 1.5957 4.0715 -9.0557 0.3959 34.5315 -3.0133 -1.5498
93 Car -1 -1 -7.2396 133.2821 158.7395 228.1915 197.6407 1.5516 1.6076 3.7089 -17.9767 0.6839 30.1154 -7.7711 -1.6368
93 Car -1 -1 -7.8823 593.8049 173.9343 645.1842 220.9093 1.4290 1.5640 3.7523 0.3854 1.2296 23.3930 -7.8643 -1.9850
94 Car -1 -1 -6.1880 398.8557 164.0867 466.9420 189.0796 1.5683 1.6345 4.1143 -11.0190 0.5385 45.4629 -6.4223 -1.8701
94 Car -1 -1 -4.4021 222.2822 163.3833 320.4969 216.7173 1.4478 1.5444 3.7885 -9.8870 0.9835 21.1659 -4.8313 -2.1444
94 Car -1 -1 -2.1724 97.9430 158.7699 201.6559 197.6989 1.5529 1.6598 4.0965 -19.1962 0.6863 29.7718 -2.7383 -2.1461
94 Car -1 -1 -7.9459 63.4520 161.4489 124.4863 203.7856 1.4995 1.5795 3.5832 -19.5195 0.8250 26.9153 -8.5658 -2.1688
95 Car -1 -1 -5.8839 125.1499 160.3188 291.4617 210.3288 1.5215 1.6766 4.3208 -12.5708 0.9078 22.5630 -6.3842 -1.8880
95 Car -1 -1 -6.2101 398.4977 164.5319 468.1366 190.2283 1.6091 1.6680 4.2352 -10.9814 0.6093 45.4375 -6.4437 -1.9594
95 Car -1 -1 -7.6464 140.0776 158.6424 205.1772 197.3851 1.5395 1.6314 3.6066 -18.3207 0.6712 30.0659 -8.1870 -2.1582
95 Car -1 -1 -4.6837 235.1022 163.6992 301.1240 219.3965 1.4731 1.6050 4.0547 -9.8861 1.0291 20.8797 -5.1180 -2.1888
95 Car -1 -1 -2.5615 69.7141 164.9046 270.7016 229.8467 1.4797 1.6158 3.8764 -10.3923 1.1247 16.9982 -3.1000 -2.1937
96 Car -1 -1 -6.1821 397.5189 161.1564 466.5468 186.3654 1.5807 1.6470 4.1603 -11.0655 0.3678 45.4282 -6.4174 -1.7318
96 Car -1 -1 -7.3115 43.6904 157.9827 114.8399 187.1787 1.5736 1.5798 3.6087 -29.6440 0.3601 39.9767 -7.9438 -2.0603
96 Car -1 -1 -7.5661 124.6062 158.8487 198.5333 197.5080 1.5267 1.6178 3.8047 -18.7144 0.6719 29.9696 -8.1175 -2.0651
96 Car -1 -1 -7.9157 66.8656 160.1068 124.7034 202.6068 1.5057 1.5863 3.6710 -19.4953 0.7835 26.9755 -8.5340 -2.1323
97 Car -1 -1 -7.5040 121.8987 163.4213 204.2668 202.6303 1.5462 1.6401 4.0915 -18.6815 0.8729 30.0506 -8.0535 -1.4853
97 Car -1 -1 -6.1981 399.0752 163.7721 467.2976 189.3871 1.6044 1.6635 4.1288 -10.9874 0.5567 45.4160 -6.4320 -1.6661
98 Car -1 -1 -2.4026 72.3142 165.3634 271.6796 230.5294 1.4919 1.6466 4.1879 -10.6489 1.1457 17.4098 -2.9414 -1.9974
98 Car -1 -1 -6.1931 398.0591 164.9413 467.9848 190.7170 1.6152 1.6714 4.2302 -11.0016 0.6403 45.4371 -6.4272 -2.0376
98 Car -1 -1 -7.2965 0.0000 182.1866 285.0237 335.7910 1.3760 1.5732 3.9144 -5.4885 1.4010 8.3380 -7.8593 -2.1953
99 Car -1 -1 -6.1969 399.2143 163.6151 466.5590 188.8767 1.5830 1.6540 4.0735 -11.0098 0.5250 45.4243 -6.4312 -1.7825
99 Car -1 -1 -4.4646 99.1654 161.7130 187.7292 211.9518 1.4926 1.5699 3.4730 -14.8661 0.9347 22.9016 -5.0320 -1.9185
100 Car -1 -1 -4.0357 284.9259 167.0251 406.9468 227.1483 1.4263 1.4562 2.9295 -6.6825 1.1070 18.3960 -4.3767 -1.1099
100 Car -1 -1 -6.2159 397.9499 164.5497 468.0092 190.3615 1.6152 1.6713 4.2671 -10.9982 0.6172 45.4219 -6.4500 -1.4245
100 Car -1 -1 -7.9200 0.0000 165.1230 46.8552 205.1293 1.5206 1.5912 3.6571 -23.9324 0.9364 28.7525 -8.6068 -1.7749
100 Car -1 -1 -2.6427 0.0000 160.2754 60.2077 194.5315 1.5575 1.6443 3.8745 -28.3586 0.6381 33.3363 -3.3410 -1.9272
100 Car -1 -1 -7.7165 144.5638 163.3679 203.7603 202.7476 1.5619 1.6268 3.7672 -18.2778 0.8826 30.0947 -8.2556 -1.9354
101 Car -1 -1 -7.7754 145.7653 163.3507 198.2544 202.3266 1.5436 1.5956 3.6233 -18.3113 0.8646 29.9790 -8.3171 -1.5072
101 Car -1 -1 -6.2341 398.6713 160.2741 467.9124 185.7167 1.5930 1.6511 4.2475 -10.9894 0.3267 45.4703 -6.4676 -1.7959
101 Car -1 -1 -2.8399 0.0000 157.0582 57.7847 193.0108 1.5990 1.6867 4.2085 -28.4395 0.5566 33.0457 -3.5438 -1.9257
101 Car -1 -1 -7.1864 546.1797 158.5303 610.2629 186.8394 1.5133 1.6047 3.7808 -1.4726 0.3390 39.7947 -7.2212 -2.1153
102 Car -1 -1 -7.7428 145.8809 161.1058 201.7444 200.3328 1.5539 1.6058 3.6482 -18.2426 0.7858 30.0005 -8.2824 -1.6096
102 Car -1 -1 -6.2447 398.2552 161.5266 467.5282 187.2107 1.6077 1.6623 4.2576 -11.0221 0.4201 45.4879 -6.4789 -1.8840
102 Car -1 -1 -7.7784 226.9116 165.1708 289.5052 213.2469 1.4585 1.5611 3.7103 -11.4527 0.9937 23.4619 -8.2253 -1.9390
102 Car -1 -1 -4.7500 251.9324 170.5153 315.1397 225.9902 1.4505 1.5339 3.6132 -9.3876 1.1897 20.4465 -5.1726 -2.1565
102 Car -1 -1 -4.8399 344.5935 160.6687 389.1081 193.3143 1.5333 1.6300 3.9262 -11.9635 0.6020 35.3308 -5.1617 -2.1809
103 Car -1 -1 -7.8524 255.8989 164.0015 311.0103 212.4312 1.4777 1.5539 3.6250 -10.7152 0.9746 23.5458 -8.2724 -1.1506
103 Car -1 -1 -6.1729 398.5844 163.7432 468.5008 189.0561 1.5878 1.6564 4.2067 -10.9693 0.5368 45.4316 -6.4063 -1.6942
103 Car -1 -1 -5.8747 466.3430 154.9841 557.8480 186.4436 1.5832 1.6732 4.4506 -4.8665 0.2993 37.0017 -6.0024 -1.8919
103 Car -1 -1 -2.5388 69.7974 167.7387 270.9440 232.2293 1.4649 1.6263 3.8972 -10.3935 1.1754 16.9975 -3.0773 -1.9707
103 Car -1 -1 -7.2107 135.7650 162.6488 232.1166 201.5735 1.5590 1.5988 3.7533 -17.9338 0.8443 30.2750 -7.7389 -1.9873
103 Car -1 -1 -4.7344 332.7405 160.3078 369.3137 192.7565 1.5155 1.6226 3.8347 -12.6606 0.5726 35.1029 -5.0757 -2.1063
104 Car -1 -1 -6.1921 399.4702 164.5247 467.7147 189.7764 1.5826 1.6521 4.1246 -10.9635 0.5814 45.4216 -6.4254 -1.9266
104 Car -1 -1 -4.7987 587.3898 166.2552 637.5266 207.9726 1.4413 1.5432 3.6988 0.1840 0.9494 26.3316 -4.7899 -1.9408
104 Car -1 -1 -2.2128 99.6652 165.3154 271.5545 229.6832 1.4459 1.6089 3.9522 -10.3644 1.1052 17.3958 -2.7401 -2.1125
104 Car -1 -1 -5.9166 433.2263 161.3662 516.9492 190.8958 1.5145 1.6124 4.0518 -6.8698 0.5333 37.4342 -6.0947 -2.1133
104 Car -1 -1 -7.4691 0.0000 156.3003 76.6304 192.5948 1.6636 1.6360 3.8817 -27.6044 0.5545 34.4997 -8.1374 -2.1513
105 Car -1 -1 -4.4227 575.5112 169.8319 643.1962 210.7890 1.4197 1.5553 3.6319 0.2048 1.0502 26.4731 -4.4132 -1.1632
105 Car -1 -1 -7.1777 546.6815 161.2211 609.7196 189.2318 1.5034 1.5855 3.6998 -1.4805 0.4688 39.9061 -7.2125 -1.5597
105 Car -1 -1 -7.9507 245.4938 171.9322 316.6886 226.6425 1.4199 1.5383 3.4196 -9.3548 1.1979 20.2157 -8.3762 -2.1292
105 Car -1 -1 -2.5969 95.8396 167.1722 293.2101 228.7615 1.4731 1.6424 4.0402 -10.2667 1.1547 17.7951 -3.1105 -2.1489
105 Car -1 -1 -2.4438 0.0000 162.3859 74.3149 209.1169 1.4932 1.5753 3.6327 -19.9911 0.9147 23.3822 -3.1424 -2.1707
106 Car -1 -1 -7.3115 533.2984 145.2987 606.8748 182.1944 1.6200 1.6535 3.9200 -1.5900 0.0746 33.1611 -7.3568 -1.9930
106 Car -1 -1 -8.1925 537.3464 149.0670 585.9199 179.7266 1.7485 1.6798 4.0269 -2.6757 -0.0489 42.6153 -8.2527 -2.0439
106 Car -1 -1 -7.4104 0.0000 159.1253 82.1496 193.0643 1.5629 1.6139 3.9157 -27.5381 0.5788 34.6466 -8.0755 -2.0952
106 Car -1 -1 -7.4771 547.8276 160.3751 604.3168 191.6712 1.5132 1.6216 3.7432 -1.4398 0.5403 36.2203 -7.5145 -2.1007
106 Car -1 -1 -4.6127 102.7008 163.2622 177.3965 214.7699 1.4943 1.5899 3.7658 -14.7575 0.9945 22.5516 -5.1837 -2.1355
107 Car -1 -1 -7.4299 530.2080 143.0665 599.3345 181.8479 1.7019 1.6774 4.1533 -1.8347 0.0593 33.2682 -7.4823 -1.8485
107 Car -1 -1 -2.6687 463.0492 159.6790 554.0452 190.5509 1.5481 1.6807 4.4401 -5.0591 0.5042 36.9884 -2.8015 -1.9996
108 Car -1 -1 -4.7421 612.2252 167.2448 656.7594 209.0168 1.4495 1.5400 3.6534 1.0117 0.9898 26.3695 -4.7023 -1.6155
108 Car -1 -1 -7.8159 241.6847 164.9487 312.6510 224.7879 1.4417 1.5595 3.6629 -8.7615 1.0674 19.0253 -8.2391 -1.9370
108 Car -1 -1 -5.6437 0.0000 166.0619 124.8329 212.9418 1.4965 1.5735 3.7277 -18.3216 1.0359 23.3872 -6.2997 -1.9890
108 Car -1 -1 -7.6374 527.3865 143.2542 581.1622 179.8327 1.5970 1.6627 4.0710 -2.3234 -0.0331 33.0840 -7.7046 -2.1653
109 Car -1 -1 -3.9433 0.0000 168.0538 77.5446 218.3034 1.4823 1.5600 3.6015 -19.1868 1.1155 22.7127 -4.6359 -1.3768
109 Car -1 -1 -8.0951 539.1058 149.8744 581.7839 179.8617 1.7120 1.6540 4.0260 -2.7461 -0.0404 42.6277 -8.1569 -2.0854
109 Car -1 -1 -2.1127 0.0000 162.4059 56.8243 202.7091 1.5076 1.6018 3.6254 -23.6831 0.8310 27.7948 -2.8108 -2.1315
110 Car -1 -1 -8.1124 541.0453 150.4308 583.5318 180.6310 1.7375 1.6455 3.8065 -2.6378 0.0076 42.7432 -8.1715 -1.5341
110 Car -1 -1 -2.7676 422.4115 157.4043 508.9766 187.7999 1.5721 1.6465 4.2284 -7.4304 0.3777 37.7654 -2.9583 -1.9193
110 Car -1 -1 -6.2567 399.6653 159.4228 467.2057 185.1445 1.6092 1.6475 4.1489 -10.9927 0.2906 45.4671 -6.4904 -2.0490
110 Car -1 -1 -2.5102 4.7997 159.8852 98.4685 188.5733 1.5484 1.6387 3.8565 -30.5045 0.4359 39.0321 -3.1677 -2.1562
111 Car -1 -1 -6.2191 283.9352 168.3672 423.2372 226.2209 1.4286 1.4948 3.3331 -6.5604 1.1293 18.6208 -6.5505 -1.3956
111 Car -1 -1 -2.6524 419.9330 153.4852 508.0884 184.4700 1.5941 1.6570 4.3574 -7.5442 0.2044 37.8042 -2.8457 -1.7142
111 Car -1 -1 -6.2402 399.5102 161.4108 467.3228 186.6466 1.5789 1.6495 4.1646 -10.9752 0.3846 45.4406 -6.4737 -1.9204
111 Car -1 -1 -7.2153 1.2778 156.6806 95.6660 191.5770 1.6211 1.6350 3.9002 -27.2890 0.5148 34.8117 -7.8737 -2.1384
111 Car -1 -1 -2.4474 0.0000 166.2838 76.6912 212.8485 1.4872 1.5805 3.6522 -19.9198 1.0335 23.3782 -3.1445 -2.1573
112 Car -1 -1 -3.9376 271.3729 164.4796 410.6923 227.1864 1.4368 1.5075 3.1846 -6.6355 1.0701 17.9623 -4.2837 -1.5897
112 Car -1 -1 -2.9665 0.0000 155.9007 43.9702 197.1239 1.5016 1.5512 3.7090 -24.2241 0.6058 27.3754 -3.6831 -1.7238
112 Car -1 -1 -2.3592 89.7099 162.1151 280.9098 225.1581 1.4975 1.6705 4.3163 -10.7792 1.0611 18.1498 -2.8854 -1.9783
112 Car -1 -1 -6.1943 398.0805 164.7202 467.9784 190.3946 1.6088 1.6700 4.2301 -11.0008 0.6201 45.4359 -6.4284 -2.0103
112 Car -1 -1 -2.7273 61.0651 151.6990 213.2832 201.4506 1.7378 1.6945 4.3357 -17.0265 0.7320 25.8782 -3.3016 -2.0588
112 Car -1 -1 -2.4500 0.0000 164.5938 72.0853 211.4538 1.4951 1.5809 3.6161 -20.0528 0.9879 23.3650 -3.1506 -2.1644
113 Car -1 -1 -2.8422 0.0000 159.8386 56.4848 195.8540 1.6016 1.6923 4.2185 -28.5146 0.6830 33.0530 -3.5473 -2.0000
113 Car -1 -1 -6.1741 398.2991 164.7875 468.0441 190.2505 1.5968 1.6619 4.1955 -10.9914 0.6115 45.4248 -6.4080 -2.0137
113 Car -1 -1 -2.1975 98.2158 164.3137 273.3652 230.3965 1.4826 1.6403 4.1032 -10.3939 1.1198 17.4429 -2.7249 -2.1112
113 Car -1 -1 -5.9279 370.1375 160.8346 467.3380 192.4783 1.5012 1.6249 4.3004 -9.0864 0.5684 34.5701 -6.1806 -2.1691
113 Car -1 -1 -2.4491 0.0000 165.7857 69.0646 213.0070 1.5046 1.5861 3.6105 -20.1376 1.0360 23.3405 -3.1523 -2.1923
114 Car -1 -1 -7.3381 130.5616 159.8193 221.8831 197.9158 1.5218 1.6409 3.8246 -18.1989 0.6959 30.1730 -7.8742 -1.8424
114 Car -1 -1 -7.7706 177.8278 164.8956 262.8855 227.8141 1.4536 1.5909 3.8096 -9.9262 1.0935 18.3996 -8.2561 -1.9179
114 Car -1 -1 -7.9624 245.6401 165.1703 319.3423 220.5002 1.4483 1.5583 3.7747 -9.4664 1.0474 20.5295 -8.3866 -1.9269
114 Car -1 -1 -2.6009 430.7294 155.7596 517.3297 186.3251 1.5659 1.6700 4.3052 -7.0097 0.2986 37.7647 -2.7809 -1.9886
114 Car -1 -1 -6.3141 400.1922 165.5521 467.9993 190.5525 1.5590 1.6568 4.1638 -10.9866 0.6270 45.4362 -6.5478 -2.0834
114 Car -1 -1 -2.4471 0.0000 163.7263 74.7123 210.8259 1.5036 1.5798 3.6137 -19.9607 0.9684 23.3681 -3.1453 -2.1391
114 Car -1 -1 -3.1065 41.7912 150.7749 195.8694 201.3351 1.6564 1.6912 4.3736 -17.0735 0.6828 25.0349 -3.6971 -2.1806
114 Car -1 -1 -5.9234 363.5036 165.6296 458.4544 196.8081 1.4822 1.6101 4.1854 -9.4783 0.7754 34.6154 -6.1864 -2.1877
115 Car -1 -1 -2.1052 109.9495 163.1134 272.4149 228.9083 1.4940 1.6592 4.1617 -10.4938 1.0995 17.7999 -2.6281 -1.6647
115 Car -1 -1 -2.9494 0.0000 154.6014 44.3647 196.0135 1.5097 1.5543 3.7064 -24.2191 0.5658 27.3769 -3.6659 -1.7793
115 Car -1 -1 -6.2072 271.5794 166.1918 424.1726 225.0736 1.4386 1.5493 3.6132 -6.6433 1.0893 18.4896 -6.5447 -1.8551
115 Car -1 -1 -3.7970 0.0000 163.8732 72.4264 214.8550 1.5096 1.5852 3.5780 -19.5919 1.0175 22.8526 -4.4969 -2.1085
115 Car -1 -1 -2.8656 0.0000 158.6830 55.7868 194.3690 1.5855 1.6716 4.1481 -28.4794 0.6164 33.0351 -3.5704 -2.1561
116 Car -1 -1 -2.6985 118.8604 167.4062 291.7887 219.2531 1.4681 1.6116 4.1797 -11.7670 1.0977 20.9514 -3.2018 -1.4238
116 Car -1 -1 -2.6680 0.0000 159.8683 60.8223 194.1882 1.5574 1.6521 3.9138 -28.3480 0.6213 33.3260 -3.3662 -1.8190
116 Car -1 -1 -7.6381 123.8419 157.3792 191.8353 196.0958 1.5192 1.6211 3.8035 -18.7782 0.6122 29.8078 -8.1934 -1.8364
116 Car -1 -1 -2.4561 0.0000 162.6901 75.2286 209.9596 1.5075 1.5845 3.6419 -19.9609 0.9398 23.3639 -3.1544 -2.1409
117 Car -1 -1 -6.3621 349.3040 167.4429 436.4204 197.8563 1.5585 1.6409 4.3474 -11.3493 0.8896 37.7774 -6.6498 -1.3652
117 Car -1 -1 -7.7841 177.9837 166.3933 260.8904 229.6780 1.4576 1.5851 3.8092 -9.9253 1.1331 18.3478 -8.2707 -1.9434
117 Car -1 -1 -2.5371 0.0000 160.4398 121.2237 205.3733 1.6229 1.7309 4.5779 -21.1034 0.8986 26.5365 -3.2012 -2.0112
118 Car -1 -1 -2.8517 0.0000 154.3773 48.4933 195.6196 1.5178 1.5462 3.5063 -24.0307 0.5567 27.4435 -3.5631 -1.4683
118 Car -1 -1 -2.8493 0.0000 161.2504 57.4474 196.7982 1.5820 1.6733 4.1455 -28.4235 0.7255 33.0605 -3.5527 -1.6455
118 Car -1 -1 -7.5677 118.0192 163.0377 192.7250 201.5670 1.5073 1.6374 3.7270 -18.7904 0.8244 29.6746 -8.1254 -1.7068
118 Car -1 -1 -2.1427 107.6649 165.3980 268.8895 230.2568 1.4500 1.5974 3.8658 -10.3169 1.1128 17.4000 -2.6679 -1.8802
118 Car -1 -1 -2.9420 484.4327 157.7571 580.9279 190.6402 1.4899 1.6187 4.2501 -3.3624 0.4596 33.0548 -3.0404 -1.9451
119 Car -1 -1 -7.7345 129.9650 155.8891 187.3164 195.2015 1.5499 1.5986 3.6770 -18.8073 0.5798 29.8792 -8.2894 -2.0995
119 Car -1 -1 -6.1416 295.4247 166.1112 442.6097 222.7104 1.4359 1.5397 3.5620 -6.2703 1.0712 18.9977 -6.4535 -2.1331
121 Car -1 -1 -2.8406 0.0000 156.9324 57.9036 193.2936 1.6172 1.6978 4.2569 -28.4779 0.5692 33.0629 -3.5449 -1.9031
121 Car -1 -1 -4.8546 230.8283 162.6018 310.2669 217.8438 1.4505 1.5738 3.8535 -9.8521 0.9808 20.6074 -5.2926 -2.0382
122 Car -1 -1 -5.7374 517.1868 158.2727 603.4667 189.8482 1.5249 1.6248 4.1184 -2.2963 0.4516 35.8246 -5.7988 -1.7151
122 Car -1 -1 -7.4826 0.0000 155.9086 76.4289 192.0345 1.6580 1.6328 3.8714 -27.6155 0.5296 34.5399 -8.1506 -1.9823
123 Car -1 -1 -2.9496 0.0000 154.7054 43.8649 196.0980 1.5089 1.5565 3.7352 -24.2634 0.5689 27.3845 -3.6668 -1.6806
123 Car -1 -1 -7.8339 180.7257 161.4605 257.5341 225.1449 1.4609 1.5823 3.7634 -9.9200 1.0245 18.2562 -8.3223 -1.7535
123 Car -1 -1 -2.4484 0.0000 164.3618 72.0656 211.2455 1.4961 1.5812 3.6149 -20.0527 0.9814 23.3659 -3.1490 -2.1588
124 Car -1 -1 -2.7685 0.0000 160.5467 55.4972 195.4184 1.5607 1.6378 3.9886 -28.4440 0.6679 33.0665 -3.4722 -1.4266
124 Car -1 -1 -6.2104 270.8617 165.3352 422.6728 224.3174 1.4420 1.5403 3.5954 -6.6794 1.0716 18.5017 -6.5494 -1.4344
124 Car -1 -1 -2.9182 0.0000 154.7769 46.9145 196.3898 1.5258 1.5542 3.5247 -24.0712 0.5829 27.4394 -3.6305 -1.5375
124 Car -1 -1 -4.6943 550.3107 160.7390 584.5729 193.3904 1.5210 1.5955 4.0131 -1.8365 0.6007 34.9679 -4.7444 -1.9384
124 Car -1 -1 -2.4428 79.3289 168.1519 271.2791 232.6528 1.4512 1.6076 3.8241 -10.3166 1.1737 17.0129 -2.9777 -2.0316
125 Car -1 -1 -2.8406 0.0000 156.9301 57.9055 193.2976 1.6175 1.6979 4.2570 -28.4779 0.5694 33.0629 -3.5449 -1.9031
125 Car -1 -1 -4.8285 231.9217 163.2826 307.7496 217.8821 1.4310 1.5694 3.8628 -9.8625 0.9801 20.5865 -5.2673 -2.0918
126 Car -1 -1 -2.8231 0.0000 159.6162 57.6224 194.7023 1.5641 1.6706 4.1894 -28.4652 0.6333 33.0800 -3.5269 -1.5928
126 Car -1 -1 -2.0381 0.0000 161.4992 72.8770 208.9372 1.5173 1.6415 3.9740 -20.3350 0.9099 24.1638 -2.7292 -2.0783
127 Car -1 -1 -2.1251 107.1375 163.5189 273.6493 229.1259 1.4925 1.6532 4.2392 -10.5207 1.1065 17.8154 -2.6488 -1.8110
127 Car -1 -1 -8.0395 541.4814 150.2016 579.8130 179.5771 1.6798 1.6285 3.8234 -2.7274 -0.0582 42.6146 -8.1009 -2.0198
127 Car -1 -1 -3.9874 284.2516 163.0693 423.7400 225.2541 1.4383 1.5401 3.3410 -6.3763 1.0354 18.1914 -4.3170 -2.1563
128 Car -1 -1 -2.1512 100.6120 162.5140 270.3114 228.5304 1.4725 1.6281 4.1058 -10.3981 1.0717 17.4153 -2.6794 -2.0688
128 Car -1 -1 -7.4676 36.1342 164.6000 166.8779 223.6224 1.4763 1.6361 3.7523 -13.8777 1.0789 19.6941 -8.0719 -2.1705
129 Car -1 -1 -7.8934 547.6776 148.9846 577.6129 178.4401 1.6785 1.6481 3.9126 -2.6009 -0.1299 42.6014 -7.9518 -0.9749
129 Car -1 -1 -4.4203 0.0000 159.6325 58.9389 203.5233 1.5607 1.6538 4.0411 -22.7997 0.8189 27.3242 -5.1079 -1.6674
129 Car -1 -1 -7.6983 142.3029 159.1704 201.8438 197.4509 1.5166 1.5903 3.6094 -18.3011 0.6718 29.9826 -8.2396 -2.0510
130 Car -1 -1 -7.7116 145.0923 162.7323 203.5903 200.7302 1.5056 1.5925 3.6781 -18.2277 0.8018 30.0198 -8.2507 -1.7546
130 Car -1 -1 -7.7860 178.2907 164.2127 260.7027 227.1829 1.4506 1.5814 3.8042 -9.9243 1.0757 18.3472 -8.2726 -1.8348
130 Car -1 -1 -7.9091 63.2006 160.4420 121.5535 203.1841 1.5071 1.6132 3.7345 -19.5665 0.8001 26.8925 -8.5305 -1.8468
130 Car -1 -1 -7.7956 355.5727 162.2197 393.8802 193.9862 1.5072 1.6039 3.6778 -11.5358 0.6401 35.5281 -8.1050 -1.9886
130 Car -1 -1 -6.2318 396.0588 166.7063 461.6737 191.7927 1.5601 1.6519 3.9831 -11.1996 0.7024 45.1546 -6.4715 -2.1058
131 Car -1 -1 -6.1931 399.2571 163.2972 467.9906 188.5942 1.5857 1.6470 4.1581 -10.9635 0.5074 45.4317 -6.4264 -1.8237
131 Car -1 -1 -7.7522 58.0939 157.2970 123.9615 201.7654 1.5663 1.6221 3.8340 -19.5395 0.7493 26.9713 -8.3716 -1.8659
131 Car -1 -1 -6.1415 240.4337 163.4970 404.3940 222.7157 1.4492 1.5782 3.7884 -7.2948 1.0334 18.4965 -6.5093 -2.1755
132 Car -1 -1 -7.7061 144.2460 162.7942 202.4329 200.5145 1.4983 1.5771 3.5843 -18.2867 0.7952 30.0430 -8.2462 -1.6267
132 Car -1 -1 -7.9550 62.2872 162.0054 126.0424 204.5111 1.5005 1.6189 3.7020 -19.4919 0.8479 26.8841 -8.5748 -1.7434
132 Car -1 -1 -6.2379 397.5896 164.3051 466.7426 189.6389 1.5859 1.6578 4.2463 -11.0627 0.5722 45.4765 -6.4730 -1.7953
132 Car -1 -1 -2.6818 0.0000 150.8283 125.5775 213.3806 1.5902 1.7213 4.2937 -15.9070 0.8362 19.2822 -3.3614 -1.8184
133 Car -1 -1 -4.5690 98.0588 161.9861 179.4711 212.8661 1.4706 1.5939 3.8675 -14.7693 0.9358 22.5265 -5.1409 -1.8231
133 Car -1 -1 -8.2197 535.7746 150.6245 585.6161 179.9912 1.6749 1.6532 4.0607 -2.7313 -0.0322 42.5924 -8.2812 -1.8320
133 Car -1 -1 -6.1943 398.0771 164.7586 467.9845 190.4796 1.6117 1.6708 4.2306 -11.0007 0.6254 45.4361 -6.4284 -2.0121
133 Car -1 -1 -2.4593 79.6425 159.8224 280.1137 222.3443 1.5027 1.6693 4.3478 -10.8827 1.0061 18.1484 -2.9897 -2.1711
134 Car -1 -1 -6.2162 398.9544 163.1227 466.0891 188.3957 1.5823 1.6513 4.0853 -11.0311 0.4944 45.4217 -6.4509 -1.7621
134 Car -1 -1 -7.6993 116.9810 162.2720 179.4357 201.2429 1.5198 1.6145 3.7482 -19.0686 0.8092 29.6144 -8.2645 -1.8477
135 Car -1 -1 -7.7973 145.7183 160.1170 195.8651 198.7319 1.5269 1.5815 3.6616 -18.3452 0.7211 29.9455 -8.3402 -1.5772
135 Car -1 -1 -4.4902 88.8852 161.1136 181.9693 212.5753 1.4802 1.5995 3.9321 -14.8109 0.9229 22.4580 -5.0647 -1.9366
135 Car -1 -1 -5.6966 0.0000 164.6369 127.4171 212.1595 1.5104 1.5920 3.9504 -18.3868 1.0065 23.4050 -6.3540 -2.0494
135 Car -1 -1 -6.2280 398.4144 163.4913 467.7870 189.0836 1.6025 1.6640 4.2461 -11.0014 0.5375 45.4686 -6.4619 -2.1012
135 Car -1 -1 -6.1736 287.6426 165.9281 437.6940 222.0261 1.4180 1.5195 3.6605 -6.4315 1.0500 18.9965 -6.4930 -2.1641
136 Car -1 -1 -4.6676 549.3292 162.7686 584.6718 194.4811 1.4927 1.5799 3.8421 -1.8630 0.6583 35.2065 -4.7181 -1.7359
136 Car -1 -1 -3.0805 397.8988 163.1331 466.9557 188.2124 1.5705 1.6465 4.2166 -11.0418 0.4830 45.4512 -3.3153 -1.7586
136 Car -1 -1 -4.5124 93.3220 161.3205 180.9410 212.9447 1.4926 1.5754 3.7531 -14.7836 0.9384 22.4780 -5.0857 -1.9896
136 Car -1 -1 -7.7035 140.4183 160.0731 199.9111 198.9864 1.5349 1.5862 3.6750 -18.3240 0.7294 29.8899 -8.2468 -2.0181
137 Car -1 -1 -2.1923 99.2008 164.2902 273.1194 229.7282 1.4702 1.6300 4.1051 -10.4027 1.1063 17.4697 -2.7194 -1.4651
137 Car -1 -1 -2.9067 0.0000 154.5552 43.3568 196.3103 1.5245 1.5832 3.7469 -24.3209 0.5775 27.3866 -3.6250 -1.8559
137 Car -1 -1 -4.6920 550.7344 161.9609 584.3190 193.7141 1.5002 1.5861 3.8461 -1.8492 0.6245 35.3500 -4.7419 -1.9809
137 Car -1 -1 -6.1931 398.0724 164.7389 467.9596 190.4183 1.6092 1.6702 4.2279 -11.0019 0.6216 45.4366 -6.4272 -2.0318
137 Car -1 -1 -2.6037 126.0509 167.1560 230.4389 200.1280 1.4989 1.6323 3.8848 -19.8568 0.8925 32.9620 -3.1397 -2.0552
138 Car -1 -1 -3.0682 394.5676 167.3934 461.9488 192.4859 1.5624 1.6575 4.0633 -11.2445 0.7464 45.1793 -3.3086 -1.6931
138 Car -1 -1 -3.0705 82.8602 164.6833 202.5729 206.1210 1.5801 1.6253 3.9404 -18.5974 0.9772 28.6164 -3.6398 -1.9716
139 Car -1 -1 -7.7413 144.8208 163.4422 200.6335 202.8268 1.5612 1.6013 3.6222 -18.2934 0.8853 30.0074 -8.2822 -1.5766
139 Car -1 -1 -6.2090 397.7888 162.8419 467.3292 188.1567 1.5869 1.6503 4.2313 -11.0395 0.4800 45.4739 -6.4436 -1.6667
139 Car -1 -1 -7.7324 234.2669 165.8945 317.0753 224.3641 1.3975 1.5473 3.5279 -8.6914 1.0488 18.8142 -8.1567 -1.7500
139 Car -1 -1 -4.5532 97.2097 164.2515 179.4252 215.6185 1.4881 1.5735 3.7792 -14.7866 1.0176 22.5290 -5.1256 -1.7888
140 Car -1 -1 -7.7716 146.4922 162.6595 199.2446 201.4615 1.5385 1.5953 3.6205 -18.2938 0.8313 30.0106 -8.3124 -1.3143
140 Car -1 -1 -4.4265 92.2725 163.8554 190.1031 213.6868 1.4624 1.5909 3.8282 -14.8551 0.9742 22.8093 -4.9954 -1.9697
140 Car -1 -1 -4.1780 268.8983 165.1368 406.4351 229.1407 1.4329 1.5539 3.6698 -6.6015 1.0893 17.7765 -4.5258 -2.1554
141 Car -1 -1 -6.1129 240.1345 164.2436 409.2759 222.6630 1.4298 1.5803 3.8847 -7.2197 1.0323 18.4562 -6.4779 -1.7861
141 Car -1 -1 -6.1779 399.0114 164.1106 467.9678 189.3086 1.5807 1.6462 4.1537 -10.9742 0.5526 45.4350 -6.4115 -1.8864
141 Car -1 -1 -4.5770 67.6719 162.9342 137.4313 207.0744 1.5331 1.6140 3.7987 -18.8430 0.9233 26.6164 -5.1855 -2.1553
142 Car -1 -1 -4.2579 0.0000 163.1542 77.1607 214.5839 1.5071 1.5723 3.6686 -18.7844 0.9991 22.6839 -4.9407 -1.7246
142 Car -1 -1 -6.1792 399.4016 163.3285 468.1859 188.8937 1.6032 1.6508 4.1434 -10.9521 0.5264 45.4247 -6.4123 -1.8359
142 Car -1 -1 -8.0384 543.1116 151.2357 581.6175 180.6694 1.6885 1.6347 3.8776 -2.6265 0.0098 42.6407 -8.0974 -1.8830
142 Car -1 -1 -7.4691 0.0000 155.0604 77.6219 190.3117 1.6186 1.6325 3.8946 -27.6026 0.4507 34.5627 -8.1365 -2.0867
143 Car -1 -1 -6.1944 398.0801 164.7279 467.9825 190.4377 1.6110 1.6707 4.2303 -11.0007 0.6228 45.4360 -6.4284 -2.0120
144 Car -1 -1 -6.1914 398.3842 163.8698 467.9454 189.1474 1.5848 1.6526 4.2078 -10.9951 0.5422 45.4439 -6.4253 -1.8407
144 Car -1 -1 -8.0283 541.6214 147.6347 579.1749 177.9987 1.7258 1.6289 3.7516 -2.7359 -0.1575 42.5331 -8.0900 -1.9981
144 Car -1 -1 -4.5351 93.1970 163.1972 180.7449 214.5880 1.4752 1.6115 3.9251 -14.7435 0.9788 22.4175 -5.1084 -2.1042
